# This File stores the ClusterProfile/Centers using >>ClosestCenters<< of the given TrajNameList
# elapsed time: 0.1 seconds
# Threshold = 0.2
# TrajNameList = ['V3_Gromacs1_stripped', 'V3_Gromacs2_stripped']
# TrjLenList = [1001, 1001]
# updated TrjLenList = [1001, 1001]
# TimeStep = 0.1
# StartFrame = 0
# EndingFrame = 1001
# *******
# LOCAL PROFILE: Radius = 0.2
# *******
# 
#                |                       Radius = 0.2                            |
#                |  eff Clust     |    next Center   |     farthest Center      |
# Frame | TrajNr | PROF | effRMSD | nextC | nextRMSD | farthestC | farthestRMSD |
#                           
0 1    1 0.0000    18 0.2075    377 0.8180
1 1    1 0.0000    1 0.1474    377 0.7858
2 1    3 0.3139    8 0.2191    377 0.8300
3 1    3 0.0000    3 0.1800    377 0.8739
4 1    5 0.2432    45 0.2178    377 0.8989
5 1    5 0.0000    5 0.1410    377 0.8710
6 1    18 0.0000    18 0.1642    377 0.8601
7 1    8 0.2702    11 0.2158    377 0.8115
8 1    8 0.0000    8 0.1288    377 0.8022
9 1    11 0.0000    11 0.1151    377 0.8647
10 1    11 0.3560    43 0.2115    377 0.8769
11 1    11 0.0000    11 0.1627    377 0.8714
12 1    11 0.0000    11 0.1349    377 0.9020
13 1    11 0.0000    11 0.1499    377 0.9101
14 1    11 0.0000    11 0.1669    377 0.9280
15 1    3 0.0000    3 0.1660    377 0.8404
16 1    43 0.0000    43 0.1152    377 0.8425
17 1    18 0.2075    45 0.2063    377 0.8512
18 1    18 0.0000    18 0.1269    377 0.8549
19 1    18 0.0000    18 0.1598    377 0.7965
20 1    21 0.3784    141 0.2345    377 0.8009
21 1    45 0.0000    45 0.1347    377 0.8634
22 1    45 0.0000    45 0.1430    377 0.8905
23 1    45 0.0000    45 0.1543    377 0.8636
24 1    27 0.0000    27 0.1226    377 0.8866
25 1    27 0.0000    27 0.1058    377 0.9220
26 1    27 0.2362    71 0.2027    377 0.9180
27 1    27 0.0000    27 0.1484    377 0.8782
28 1    27 0.0000    27 0.1630    377 0.9059
29 1    71 0.0000    71 0.1510    377 0.8957
30 1    27 0.0000    27 0.1977    377 0.9198
31 1    27 0.0000    27 0.1905    377 0.9238
32 1    27 0.0000    27 0.1498    372 0.8779
33 1    27 0.0000    27 0.1595    377 0.8775
34 1    27 0.0000    27 0.1847    377 0.9249
35 1    36 0.3196    11 0.2602    377 0.8261
36 1    27 0.0000    27 0.1905    377 0.8706
37 1    43 0.0000    43 0.1352    377 0.8786
38 1    43 0.0000    43 0.1304    377 0.8805
39 1    43 0.0000    43 0.1699    377 0.9097
40 1    27 0.0000    27 0.0689    377 0.9340
41 1    27 0.0000    27 0.1138    377 0.9152
42 1    43 0.4489    11 0.2115    377 0.8643
43 1    43 0.0000    43 0.1532    377 0.9200
44 1    45 0.2193    18 0.2063    377 0.8743
45 1    141 0.0000    141 0.1541    377 0.8259
46 1    27 0.0000    27 0.1490    377 0.8978
47 1    27 0.0000    27 0.1381    377 0.8808
48 1    71 0.0000    71 0.1569    377 0.8997
49 1    45 0.0000    45 0.1428    377 0.8536
50 1    55 0.0000    55 0.1224    377 0.8414
51 1    58 0.0000    58 0.1076    372 0.7767
52 1    53 0.2492    240 0.2002    372 0.8171
53 1    55 0.0000    55 0.0962    372 0.8322
54 1    55 0.2498    45 0.2078    377 0.8306
55 1    55 0.0000    55 0.1369    372 0.8312
56 1    53 0.0000    53 0.1128    372 0.7942
57 1    58 0.2673    55 0.2104    372 0.7584
58 1    55 0.0000    55 0.0949    372 0.8423
59 1    240 0.0000    240 0.1241    377 0.8418
60 1    55 0.0000    55 0.1313    377 0.8323
61 1    193 0.0000    193 0.1390    372 0.7640
62 1    58 0.0000    58 0.1603    372 0.7985
63 1    55 0.0000    55 0.1362    377 0.8354
64 1    45 0.0000    45 0.1513    377 0.8624
65 1    141 0.0000    141 0.1581    372 0.8391
66 1    141 0.0000    141 0.0961    377 0.8184
67 1    55 0.0000    55 0.1240    377 0.8288
68 1    55 0.0000    55 0.1244    377 0.8519
69 1    71 0.0000    71 0.1391    377 0.8960
70 1    71 0.2369    27 0.2027    377 0.8792
71 1    18 0.0000    18 0.1452    377 0.8674
72 1    141 0.0000    141 0.1204    377 0.7941
73 1    141 0.0000    141 0.1470    377 0.8194
74 1    18 0.0000    18 0.1527    377 0.8302
75 1    45 0.0000    45 0.1354    377 0.8374
76 1    141 0.0000    141 0.1481    377 0.8157
77 1    141 0.0000    141 0.1136    377 0.7696
78 1    45 0.0000    45 0.1477    377 0.8202
79 1    193 0.0000    193 0.1620    372 0.7583
80 1    55 0.0000    55 0.0946    377 0.8433
81 1    45 0.0000    45 0.1266    377 0.8426
82 1    45 0.0000    45 0.1022    377 0.8692
83 1    141 0.0000    141 0.1354    372 0.7629
84 1    45 0.0000    45 0.1375    377 0.8954
85 1    71 0.0000    71 0.1270    377 0.8945
86 1    45 0.0000    45 0.1546    377 0.8740
87 1    45 0.0000    45 0.1166    377 0.8489
88 1    11 0.0000    11 0.1775    377 0.8874
89 1    71 0.0000    71 0.1992    377 0.8983
90 1    43 0.0000    43 0.1433    377 0.9351
91 1    45 0.0000    45 0.1195    377 0.9012
92 1    45 0.0000    45 0.1238    377 0.8833
93 1    18 0.0000    18 0.1572    377 0.8026
94 1    45 0.0000    45 0.1346    377 0.8680
95 1    18 0.0000    18 0.1406    377 0.9015
96 1    71 0.0000    71 0.1702    377 0.9283
97 1    45 0.0000    45 0.1560    377 0.9369
98 1    18 0.0000    18 0.1327    377 0.8307
99 1    45 0.0000    45 0.1110    377 0.8880
100 1    43 0.0000    43 0.1680    377 0.9175
101 1    71 0.0000    71 0.1483    377 0.8542
102 1    45 0.0000    45 0.1425    377 0.8582
103 1    161 0.0000    161 0.1582    377 0.8635
104 1    45 0.0000    45 0.1495    377 0.8642
105 1    45 0.0000    45 0.1321    377 0.8532
106 1    45 0.0000    45 0.1323    377 0.8493
107 1    55 0.0000    55 0.1277    377 0.8577
108 1    55 0.0000    55 0.1085    377 0.8049
109 1    55 0.0000    55 0.1078    372 0.8189
110 1    141 0.0000    141 0.1422    372 0.7977
111 1    141 0.0000    141 0.1322    377 0.8362
112 1    45 0.0000    45 0.1230    377 0.8736
113 1    55 0.0000    55 0.1306    372 0.8047
114 1    55 0.0000    55 0.1265    372 0.8078
115 1    55 0.0000    55 0.1252    372 0.8287
116 1    141 0.0000    141 0.1571    372 0.7957
117 1    58 0.0000    58 0.1607    372 0.8101
118 1    21 0.0000    21 0.1765    377 0.8393
119 1    45 0.0000    45 0.1501    377 0.8766
120 1    55 0.0000    55 0.1444    377 0.8744
121 1    141 0.0000    141 0.1389    377 0.8217
122 1    55 0.0000    55 0.1235    372 0.8404
123 1    55 0.0000    55 0.1162    372 0.8051
124 1    55 0.0000    55 0.0881    377 0.8265
125 1    21 0.0000    21 0.1408    377 0.8067
126 1    21 0.0000    21 0.1361    377 0.8127
127 1    55 0.0000    55 0.1257    377 0.8239
128 1    55 0.0000    55 0.1562    377 0.8487
129 1    45 0.0000    45 0.1589    377 0.8246
130 1    141 0.0000    141 0.1435    372 0.7499
131 1    141 0.0000    141 0.1436    377 0.7785
132 1    141 0.0000    141 0.1125    377 0.8187
133 1    141 0.0000    141 0.1471    377 0.8244
134 1    55 0.0000    55 0.1298    377 0.8562
135 1    141 0.0000    141 0.1013    377 0.7712
136 1    141 0.0000    141 0.1367    377 0.8448
137 1    141 0.0000    141 0.1231    377 0.8135
138 1    45 0.0000    45 0.1189    377 0.8623
139 1    141 0.0000    141 0.1365    377 0.7840
140 1    141 0.2142    1 0.2088    377 0.7889
141 1    55 0.0000    55 0.1281    377 0.8294
142 1    141 0.0000    141 0.0843    377 0.7776
143 1    141 0.0000    141 0.1002    377 0.8039
144 1    141 0.0000    141 0.1457    377 0.7907
145 1    55 0.0000    55 0.1309    377 0.8371
146 1    55 0.0000    55 0.1443    377 0.8547
147 1    141 0.0000    141 0.1355    377 0.7978
148 1    58 0.0000    58 0.1828    372 0.7742
149 1    141 0.0000    141 0.1936    372 0.8130
150 1    141 0.0000    141 0.1298    377 0.7960
151 1    141 0.0000    141 0.1239    372 0.7700
152 1    141 0.0000    141 0.1297    377 0.7793
153 1    141 0.0000    141 0.1535    377 0.7863
154 1    141 0.0000    141 0.1360    377 0.7903
155 1    141 0.0000    141 0.0983    377 0.7617
156 1    161 0.0000    161 0.1546    377 0.7550
157 1    141 0.0000    141 0.1129    377 0.7391
158 1    161 0.0000    161 0.1090    377 0.7586
159 1    141 0.0000    141 0.1184    377 0.7453
160 1    161 0.2280    18 0.2080    377 0.7979
161 1    161 0.0000    161 0.0909    377 0.8221
162 1    141 0.0000    141 0.1443    377 0.7656
163 1    141 0.0000    141 0.1100    377 0.7899
164 1    141 0.0000    141 0.1200    377 0.7984
165 1    141 0.0000    141 0.1385    377 0.8068
166 1    141 0.0000    141 0.1274    377 0.8038
167 1    161 0.0000    161 0.1420    377 0.8294
168 1    141 0.0000    141 0.1197    377 0.7860
169 1    141 0.0000    141 0.1383    377 0.7985
170 1    258 0.0000    258 0.1604    377 0.8344
171 1    141 0.0000    141 0.1217    377 0.7722
172 1    173 0.2678    224 0.2020    377 0.7453
173 1    173 0.0000    173 0.1378    377 0.7231
174 1    177 0.0000    177 0.1785    8 0.7644
175 1    177 0.0000    177 0.1254    377 0.7271
176 1    177 0.3070    193 0.2264    954 0.7283
177 1    177 0.0000    177 0.1193    8 0.7409
178 1    177 0.0000    177 0.0978    954 0.6990
179 1    177 0.0000    177 0.1029    954 0.7096
180 1    177 0.0000    177 0.1142    8 0.7393
181 1    173 0.0000    173 0.1126    377 0.7514
182 1    173 0.0000    173 0.0922    377 0.7641
183 1    173 0.0000    173 0.0815    377 0.7294
184 1    173 0.0000    173 0.1119    377 0.7292
185 1    193 0.0000    193 0.1594    377 0.7242
186 1    193 0.0000    193 0.1381    377 0.7208
187 1    177 0.0000    177 0.1252    954 0.7628
188 1    177 0.0000    177 0.1389    8 0.7539
189 1    173 0.0000    173 0.1477    377 0.7628
190 1    141 0.0000    141 0.1713    377 0.8025
191 1    193 0.0000    193 0.1023    372 0.7339
192 1    193 0.2605    173 0.2045    372 0.7228
193 1    193 0.0000    193 0.1885    8 0.7605
194 1    224 0.0000    224 0.1374    377 0.7397
195 1    173 0.0000    173 0.1195    377 0.7514
196 1    224 0.0000    224 0.1299    377 0.7339
197 1    224 0.0000    224 0.1244    377 0.6926
198 1    224 0.0000    224 0.1014    377 0.6641
199 1    224 0.0000    224 0.1467    377 0.6644
200 1    224 0.0000    224 0.1496    377 0.7071
201 1    161 0.0000    161 0.1564    377 0.7806
202 1    224 0.0000    224 0.1921    377 0.7435
203 1    173 0.0000    173 0.1801    954 0.6766
204 1    173 0.0000    173 0.1056    377 0.7174
205 1    173 0.0000    173 0.1036    377 0.7170
206 1    141 0.0000    141 0.1361    377 0.7831
207 1    224 0.0000    224 0.1347    954 0.6879
208 1    224 0.0000    224 0.1202    377 0.6295
209 1    224 0.0000    224 0.1426    954 0.6755
210 1    224 0.0000    224 0.1460    377 0.6948
211 1    224 0.0000    224 0.1334    377 0.7344
212 1    173 0.0000    173 0.1755    954 0.7086
213 1    177 0.0000    177 0.1694    954 0.7066
214 1    173 0.0000    173 0.1413    377 0.6868
215 1    173 0.0000    173 0.1232    377 0.7006
216 1    173 0.0000    173 0.1339    377 0.7292
217 1    224 0.0000    224 0.1411    377 0.6601
218 1    224 0.0000    224 0.1746    954 0.7138
219 1    224 0.0000    224 0.1224    377 0.6808
220 1    173 0.0000    173 0.1611    377 0.7357
221 1    173 0.0000    173 0.1044    377 0.7386
222 1    193 0.0000    193 0.1308    377 0.7548
223 1    224 0.2434    173 0.2020    377 0.6888
224 1    224 0.0000    224 0.0824    377 0.7158
225 1    173 0.0000    173 0.1908    377 0.7352
226 1    224 0.0000    224 0.0997    377 0.7132
227 1    224 0.0000    224 0.1215    377 0.7374
228 1    193 0.0000    193 0.1331    377 0.7231
229 1    224 0.0000    224 0.0818    377 0.6919
230 1    193 0.0000    193 0.1294    372 0.7241
231 1    193 0.0000    193 0.1334    377 0.7528
232 1    224 0.0000    224 0.1390    377 0.7245
233 1    237 0.0000    237 0.1352    377 0.7341
234 1    237 0.0000    237 0.1389    377 0.7560
235 1    237 0.0000    237 0.1489    377 0.7256
236 1    237 0.2380    173 0.2055    377 0.7444
237 1    237 0.0000    237 0.1683    377 0.7810
238 1    71 0.0000    71 0.1758    377 0.8231
239 1    240 0.2716    53 0.2002    377 0.8109
240 1    240 0.0000    240 0.1080    377 0.8010
241 1    240 0.0000    240 0.1371    377 0.8078
242 1    55 0.0000    55 0.1681    377 0.8162
243 1    240 0.0000    240 0.1694    377 0.8174
244 1    237 0.0000    237 0.1555    377 0.7961
245 1    173 0.0000    173 0.1324    377 0.7417
246 1    237 0.0000    237 0.1912    377 0.7619
247 1    237 0.0000    237 0.1825    377 0.7654
248 1    224 0.0000    224 0.1384    377 0.6777
249 1    224 0.0000    224 0.1536    377 0.6980
250 1    173 0.0000    173 0.1237    377 0.7306
251 1    237 0.0000    237 0.1751    377 0.7869
252 1    237 0.0000    237 0.1405    377 0.7607
253 1    237 0.0000    237 0.1790    377 0.7867
254 1    161 0.0000    161 0.1850    377 0.7845
255 1    161 0.0000    161 0.1782    377 0.7720
256 1    258 0.0000    258 0.1410    377 0.8025
257 1    258 0.2362    161 0.2132    377 0.8539
258 1    161 0.0000    161 0.1873    377 0.7921
259 1    258 0.0000    258 0.1963    377 0.7945
260 1    262 0.0000    262 0.1687    377 0.9129
261 1    262 0.4595    280 0.2095    377 0.8372
262 1    262 0.0000    262 0.1862    377 0.8791
263 1    265 0.0000    265 0.1330    377 0.7529
264 1    265 0.3874    271 0.2000    377 0.7081
265 1    265 0.0000    265 0.1439    377 0.6980
266 1    284 0.0000    284 0.1491    377 0.6314
267 1    284 0.0000    284 0.1356    377 0.6578
268 1    265 0.0000    265 0.1305    377 0.7178
269 1    270 0.6319    262 0.2427    377 0.8104
270 1    271 0.2638    265 0.2000    377 0.7451
271 1    284 0.0000    284 0.1776    53 0.6522
272 1    271 0.0000    271 0.1219    377 0.6987
273 1    271 0.0000    271 0.1196    377 0.7323
274 1    265 0.0000    265 0.1611    377 0.7595
275 1    271 0.0000    271 0.1445    377 0.7704
276 1    611 0.0000    611 0.1897    377 0.7084
277 1    487 0.0000    487 0.1670    377 0.7048
278 1    284 0.0000    284 0.1916    377 0.6823
279 1    280 0.3080    265 0.2053    377 0.7789
280 1    280 0.0000    280 0.1528    377 0.7685
281 1    280 0.0000    280 0.1467    377 0.7175
282 1    284 0.0000    284 0.1244    377 0.6227
283 1    284 0.3270    265 0.2060    377 0.6465
284 1    777 0.0000    777 0.1702    377 0.7411
285 1    487 0.0000    487 0.1988    377 0.7402
286 1    284 0.0000    284 0.1849    377 0.7210
287 1    487 0.0000    487 0.1683    377 0.7175
288 1    284 0.0000    284 0.1903    377 0.7156
289 1    487 0.0000    487 0.1591    377 0.6672
290 1    284 0.0000    284 0.1722    53 0.6252
291 1    487 0.0000    487 0.1774    377 0.5846
292 1    293 0.3690    558 0.2651    27 0.6782
293 1    449 0.0000    449 0.1520    53 0.6104
294 1    449 0.0000    449 0.1566    377 0.6318
295 1    777 0.0000    777 0.1539    377 0.6571
296 1    777 0.0000    777 0.1164    377 0.6818
297 1    777 0.0000    777 0.1116    377 0.6851
298 1    487 0.0000    487 0.1430    377 0.6624
299 1    487 0.0000    487 0.1207    377 0.6736
300 1    284 0.0000    284 0.1741    377 0.6212
301 1    558 0.0000    558 0.1182    53 0.6234
302 1    487 0.0000    487 0.1633    377 0.6043
303 1    487 0.0000    487 0.1743    377 0.6301
304 1    449 0.0000    449 0.1323    377 0.6375
305 1    777 0.0000    777 0.0909    377 0.7155
306 1    611 0.0000    611 0.1414    377 0.6218
307 1    777 0.0000    777 0.0973    377 0.7244
308 1    777 0.0000    777 0.1445    377 0.7233
309 1    777 0.0000    777 0.0879    377 0.7471
310 1    777 0.0000    777 0.1101    377 0.6775
311 1    487 0.0000    487 0.1110    377 0.6663
312 1    487 0.0000    487 0.1258    377 0.7302
313 1    777 0.0000    777 0.1431    377 0.6405
314 1    487 0.0000    487 0.1171    377 0.6670
315 1    487 0.0000    487 0.1391    377 0.6159
316 1    487 0.0000    487 0.1201    53 0.6282
317 1    487 0.0000    487 0.1261    377 0.6845
318 1    777 0.0000    777 0.1202    377 0.6775
319 1    487 0.0000    487 0.1270    58 0.6235
320 1    845 0.0000    845 0.1166    377 0.7422
321 1    487 0.0000    487 0.1213    377 0.7279
322 1    487 0.0000    487 0.1138    377 0.6696
323 1    487 0.0000    487 0.1211    377 0.6755
324 1    487 0.0000    487 0.0989    377 0.6912
325 1    487 0.0000    487 0.1247    377 0.6877
326 1    487 0.0000    487 0.1363    377 0.6904
327 1    611 0.0000    611 0.1322    53 0.6411
328 1    777 0.0000    777 0.1171    377 0.6527
329 1    487 0.0000    487 0.1289    377 0.6467
330 1    927 0.0000    927 0.1593    53 0.6092
331 1    487 0.0000    487 0.1317    377 0.6761
332 1    777 0.0000    777 0.1308    377 0.7021
333 1    487 0.0000    487 0.1294    377 0.6369
334 1    487 0.0000    487 0.0975    377 0.6606
335 1    845 0.0000    845 0.1025    377 0.7680
336 1    487 0.0000    487 0.1248    377 0.6308
337 1    777 0.0000    777 0.1058    377 0.6905
338 1    845 0.0000    845 0.1286    377 0.7238
339 1    487 0.0000    487 0.1176    377 0.6982
340 1    959 0.0000    959 0.1465    377 0.6230
341 1    959 0.0000    959 0.1555    377 0.7206
342 1    487 0.0000    487 0.1330    377 0.7068
343 1    487 0.0000    487 0.1308    377 0.7176
344 1    487 0.0000    487 0.1263    377 0.7104
345 1    558 0.0000    558 0.1788    53 0.6219
346 1    487 0.0000    487 0.1284    377 0.6703
347 1    487 0.0000    487 0.1300    377 0.6494
348 1    487 0.0000    487 0.1856    377 0.6509
349 1    487 0.0000    487 0.1601    58 0.6590
350 1    487 0.0000    487 0.1254    377 0.7179
351 1    953 0.0000    953 0.1515    21 0.6732
352 1    487 0.0000    487 0.1230    377 0.6804
353 1    487 0.0000    487 0.1374    58 0.6201
354 1    487 0.0000    487 0.1533    53 0.6266
355 1    558 0.0000    558 0.1621    53 0.6332
356 1    845 0.0000    845 0.1640    377 0.7251
357 1    845 0.0000    845 0.1784    377 0.7303
358 1    449 0.0000    449 0.1978    27 0.6251
359 1    449 0.0000    449 0.1542    27 0.6458
360 1    692 0.0000    692 0.1509    27 0.6842
361 1    375 0.0000    375 0.1396    27 0.7371
362 1    386 0.0000    386 0.1521    27 0.8767
363 1    386 0.0000    386 0.1575    27 0.8889
364 1    386 0.0000    386 0.1174    27 0.8657
365 1    375 0.0000    375 0.1310    27 0.8319
366 1    375 0.0000    375 0.1624    27 0.8740
367 1    372 0.0000    372 0.1320    27 0.8704
368 1    375 0.0000    375 0.1001    27 0.8192
369 1    375 0.0000    375 0.1407    27 0.8077
370 1    375 0.0000    375 0.1206    27 0.8256
371 1    372 0.3117    375 0.2156    27 0.8859
372 1    372 0.0000    372 0.1732    27 0.8666
373 1    377 0.0000    377 0.1437    27 0.8801
374 1    375 0.3297    386 0.2064    27 0.7876
375 1    386 0.0000    386 0.1004    27 0.8393
376 1    377 0.2963    386 0.2241    27 0.9180
377 1    377 0.0000    377 0.1032    27 0.8841
378 1    377 0.0000    377 0.1647    11 0.8987
379 1    386 0.0000    386 0.1453    27 0.7701
380 1    386 0.0000    386 0.1477    27 0.7636
381 1    386 0.0000    386 0.1117    27 0.8097
382 1    386 0.0000    386 0.0995    27 0.8062
383 1    386 0.0000    386 0.0937    27 0.7887
384 1    386 0.0000    386 0.1102    27 0.8376
385 1    386 0.3154    375 0.2064    27 0.8145
386 1    386 0.0000    386 0.1423    27 0.7703
387 1    386 0.0000    386 0.1227    27 0.8626
388 1    386 0.0000    386 0.1329    27 0.8517
389 1    386 0.0000    386 0.1797    27 0.8836
390 1    375 0.0000    375 0.1245    27 0.7906
391 1    375 0.0000    375 0.0935    27 0.8094
392 1    375 0.0000    375 0.0734    27 0.7978
393 1    375 0.0000    375 0.1289    27 0.7776
394 1    386 0.0000    386 0.1155    27 0.8214
395 1    386 0.0000    386 0.1189    27 0.8202
396 1    386 0.0000    386 0.1213    27 0.8143
397 1    386 0.0000    386 0.1347    27 0.7828
398 1    405 0.0000    405 0.1732    27 0.7139
399 1    375 0.0000    375 0.1368    27 0.8092
400 1    375 0.0000    375 0.1073    27 0.7467
401 1    375 0.0000    375 0.1216    27 0.8144
402 1    386 0.0000    386 0.1160    27 0.8534
403 1    405 0.0000    405 0.0988    27 0.6943
404 1    405 0.2317    692 0.2029    27 0.7171
405 1    405 0.0000    405 0.1179    27 0.7139
406 1    405 0.0000    405 0.1186    27 0.7205
407 1    405 0.0000    405 0.0793    27 0.6822
408 1    405 0.0000    405 0.1341    27 0.7088
409 1    375 0.0000    375 0.1712    27 0.7497
410 1    405 0.0000    405 0.1113    27 0.7507
411 1    405 0.0000    405 0.1392    27 0.7014
412 1    405 0.0000    405 0.1219    27 0.6808
413 1    375 0.0000    375 0.0978    27 0.7879
414 1    405 0.0000    405 0.1157    27 0.7061
415 1    405 0.0000    405 0.1736    27 0.7167
416 1    375 0.0000    375 0.1384    27 0.7340
417 1    405 0.0000    405 0.1174    27 0.7034
418 1    405 0.0000    405 0.1553    27 0.7296
419 1    405 0.0000    405 0.1060    27 0.7137
420 1    405 0.0000    405 0.1250    27 0.7090
421 1    405 0.0000    405 0.0990    27 0.7019
422 1    375 0.0000    375 0.1118    27 0.7799
423 1    375 0.0000    375 0.1088    27 0.8134
424 1    375 0.0000    375 0.1542    27 0.7690
425 1    405 0.0000    405 0.0707    27 0.7214
426 1    405 0.0000    405 0.1792    27 0.6889
427 1    375 0.0000    375 0.1382    27 0.7535
428 1    375 0.0000    375 0.1241    27 0.7961
429 1    386 0.0000    386 0.1271    27 0.7747
430 1    375 0.0000    375 0.1148    27 0.7904
431 1    405 0.0000    405 0.1083    27 0.7064
432 1    405 0.0000    405 0.1329    27 0.7551
433 1    405 0.0000    405 0.1383    27 0.7429
434 1    405 0.0000    405 0.1719    27 0.7291
435 1    405 0.0000    405 0.0904    27 0.6857
436 1    405 0.0000    405 0.1415    27 0.7453
437 1    375 0.0000    375 0.1247    27 0.8134
438 1    375 0.0000    375 0.1223    27 0.7623
439 1    375 0.0000    375 0.1388    27 0.7663
440 1    386 0.0000    386 0.1572    27 0.8574
441 1    405 0.0000    405 0.1335    27 0.7456
442 1    405 0.0000    405 0.1012    27 0.6860
443 1    405 0.0000    405 0.1157    27 0.7023
444 1    405 0.0000    405 0.1103    27 0.6976
445 1    558 0.0000    558 0.1736    27 0.6124
446 1    611 0.0000    611 0.1931    377 0.6666
447 1    449 0.0000    449 0.0925    377 0.6051
448 1    449 0.2351    692 0.2039    27 0.6132
449 1    777 0.0000    777 0.1548    377 0.6512
450 1    959 0.0000    959 0.1627    27 0.5889
451 1    487 0.0000    487 0.1375    377 0.6487
452 1    777 0.0000    777 0.1201    377 0.6776
453 1    777 0.0000    777 0.1143    377 0.7222
454 1    692 0.0000    692 0.1273    27 0.7039
455 1    692 0.0000    692 0.1285    27 0.6900
456 1    449 0.0000    449 0.1153    53 0.6116
457 1    449 0.0000    449 0.1271    27 0.6115
458 1    449 0.0000    449 0.1236    377 0.6090
459 1    777 0.0000    777 0.1454    377 0.6942
460 1    449 0.0000    449 0.1180    27 0.6292
461 1    487 0.0000    487 0.1329    377 0.7336
462 1    487 0.0000    487 0.1322    377 0.6255
463 1    558 0.0000    558 0.0868    53 0.6732
464 1    558 0.0000    558 0.1105    53 0.6368
465 1    558 0.0000    558 0.1244    27 0.6354
466 1    777 0.0000    777 0.1580    377 0.6791
467 1    487 0.0000    487 0.1350    377 0.6335
468 1    558 0.0000    558 0.1317    53 0.6354
469 1    487 0.0000    487 0.1486    377 0.6441
470 1    449 0.0000    449 0.1204    53 0.6364
471 1    449 0.0000    449 0.1267    53 0.6297
472 1    449 0.0000    449 0.1157    377 0.6320
473 1    449 0.0000    449 0.1574    377 0.6150
474 1    487 0.0000    487 0.1350    377 0.6775
475 1    777 0.0000    777 0.1428    377 0.6827
476 1    777 0.0000    777 0.1223    377 0.6948
477 1    449 0.0000    449 0.1427    53 0.6167
478 1    487 0.0000    487 0.1153    377 0.6515
479 1    777 0.0000    777 0.1022    377 0.7223
480 1    449 0.0000    449 0.1475    377 0.6407
481 1    777 0.0000    777 0.1245    377 0.7412
482 1    487 0.0000    487 0.0995    377 0.6705
483 1    487 0.0000    487 0.1315    377 0.6631
484 1    487 0.0000    487 0.1405    377 0.6299
485 1    487 0.0000    487 0.0950    377 0.6372
486 1    487 0.2364    271 0.2022    377 0.6814
487 1    449 0.0000    449 0.1663    27 0.5972
488 1    449 0.0000    449 0.1595    53 0.6553
489 1    692 0.0000    692 0.1540    27 0.6669
490 1    405 0.0000    405 0.1766    27 0.6623
491 1    558 0.0000    558 0.1226    53 0.6722
492 1    558 0.0000    558 0.1657    27 0.6977
493 1    375 0.0000    375 0.1721    27 0.7238
494 1    405 0.0000    405 0.1541    27 0.6954
495 1    611 0.0000    611 0.1545    53 0.6331
496 1    777 0.0000    777 0.1595    377 0.6915
497 1    515 0.0000    515 0.1564    27 0.6404
498 1    692 0.0000    692 0.1423    27 0.7091
499 1    449 0.0000    449 0.1470    27 0.6640
500 1    405 0.0000    405 0.1445    27 0.6700
501 1    611 0.0000    611 0.1384    53 0.6393
502 1    611 0.0000    611 0.1393    377 0.6394
503 1    449 0.0000    449 0.1393    27 0.6301
504 1    449 0.0000    449 0.1490    53 0.6299
505 1    449 0.0000    449 0.1487    53 0.6140
506 1    558 0.0000    558 0.1572    53 0.6090
507 1    449 0.0000    449 0.1218    53 0.6328
508 1    777 0.0000    777 0.1339    377 0.6894
509 1    558 0.0000    558 0.1559    27 0.6056
510 1    449 0.0000    449 0.1753    27 0.6605
511 1    611 0.0000    611 0.1689    27 0.6357
512 1    449 0.0000    449 0.1453    53 0.6192
513 1    611 0.0000    611 0.1337    377 0.6484
514 1    515 0.2536    449 0.2185    36 0.6462
515 1    515 0.0000    515 0.1363    53 0.6279
516 1    611 0.0000    611 0.1578    377 0.6299
517 1    777 0.0000    777 0.1228    377 0.6835
518 1    777 0.0000    777 0.1012    377 0.7173
519 1    777 0.0000    777 0.1402    377 0.6690
520 1    777 0.0000    777 0.1333    377 0.7301
521 1    687 0.0000    687 0.1427    377 0.6638
522 1    449 0.0000    449 0.1334    377 0.6367
523 1    777 0.0000    777 0.1135    377 0.6846
524 1    777 0.0000    777 0.1267    377 0.7071
525 1    558 0.0000    558 0.1341    27 0.6157
526 1    449 0.0000    449 0.1312    27 0.6304
527 1    449 0.0000    449 0.1248    27 0.6154
528 1    449 0.0000    449 0.1265    53 0.6470
529 1    449 0.0000    449 0.1032    27 0.6296
530 1    449 0.0000    449 0.1384    27 0.6423
531 1    611 0.0000    611 0.1214    377 0.6361
532 1    449 0.0000    449 0.1241    27 0.6103
533 1    777 0.0000    777 0.1084    377 0.7067
534 1    611 0.0000    611 0.1213    377 0.6437
535 1    777 0.0000    777 0.1039    377 0.7066
536 1    777 0.0000    777 0.1272    377 0.7466
537 1    487 0.0000    487 0.1441    377 0.6300
538 1    449 0.0000    449 0.1197    27 0.6089
539 1    611 0.0000    611 0.1565    377 0.6313
540 1    611 0.0000    611 0.1220    53 0.6420
541 1    611 0.0000    611 0.1037    377 0.6358
542 1    611 0.0000    611 0.1066    53 0.6317
543 1    777 0.0000    777 0.1402    377 0.6392
544 1    777 0.0000    777 0.1025    377 0.7121
545 1    449 0.0000    449 0.1415    377 0.6315
546 1    449 0.0000    449 0.1239    27 0.6265
547 1    487 0.0000    487 0.1254    377 0.7062
548 1    487 0.0000    487 0.0834    377 0.6752
549 1    449 0.0000    449 0.1113    377 0.6287
550 1    558 0.0000    558 0.1496    377 0.6032
551 1    449 0.0000    449 0.1227    27 0.6230
552 1    777 0.0000    777 0.1134    377 0.7038
553 1    611 0.0000    611 0.1374    377 0.6440
554 1    777 0.0000    777 0.1156    377 0.7312
555 1    777 0.0000    777 0.1434    377 0.7353
556 1    449 0.0000    449 0.1330    27 0.6466
557 1    558 0.2341    692 0.2002    53 0.6722
558 1    558 0.0000    558 0.0779    53 0.6855
559 1    487 0.0000    487 0.1665    377 0.6307
560 1    777 0.0000    777 0.1582    377 0.6734
561 1    449 0.0000    449 0.1394    377 0.6193
562 1    558 0.0000    558 0.1188    53 0.6301
563 1    449 0.0000    449 0.1131    377 0.6207
564 1    777 0.0000    777 0.0955    377 0.7053
565 1    449 0.0000    449 0.1169    27 0.6136
566 1    777 0.0000    777 0.1283    377 0.6548
567 1    777 0.0000    777 0.1425    377 0.6589
568 1    449 0.0000    449 0.1446    377 0.6488
569 1    558 0.0000    558 0.1002    53 0.6429
570 1    611 0.0000    611 0.1586    377 0.6345
571 1    449 0.0000    449 0.1402    53 0.6347
572 1    558 0.0000    558 0.1385    27 0.6401
573 1    449 0.0000    449 0.1163    27 0.6115
574 1    449 0.0000    449 0.1450    27 0.6543
575 1    558 0.0000    558 0.1387    27 0.6473
576 1    777 0.0000    777 0.1198    377 0.6614
577 1    777 0.0000    777 0.1125    377 0.6904
578 1    777 0.0000    777 0.1403    377 0.6612
579 1    611 0.0000    611 0.1226    377 0.6705
580 1    449 0.0000    449 0.1211    53 0.6366
581 1    449 0.0000    449 0.1214    377 0.6199
582 1    777 0.0000    777 0.1121    377 0.7500
583 1    449 0.0000    449 0.1434    377 0.6432
584 1    611 0.0000    611 0.1057    53 0.6318
585 1    777 0.0000    777 0.1078    377 0.7318
586 1    777 0.0000    777 0.1352    377 0.7152
587 1    611 0.0000    611 0.1389    377 0.6307
588 1    487 0.0000    487 0.1074    53 0.6250
589 1    487 0.0000    487 0.0948    377 0.6539
590 1    777 0.0000    777 0.1351    377 0.6835
591 1    487 0.0000    487 0.1303    377 0.6789
592 1    449 0.0000    449 0.1316    377 0.6275
593 1    487 0.0000    487 0.1232    377 0.6205
594 1    777 0.0000    777 0.1304    377 0.7115
595 1    487 0.0000    487 0.1442    377 0.6963
596 1    598 0.0000    598 0.1258    377 0.6739
597 1    598 0.2348    271 0.2020    377 0.6974
598 1    598 0.0000    598 0.1244    377 0.6579
599 1    598 0.0000    598 0.1166    377 0.6390
600 1    598 0.0000    598 0.1506    377 0.6066
601 1    598 0.0000    598 0.1461    377 0.6198
602 1    487 0.0000    487 0.1620    58 0.5890
603 1    487 0.0000    487 0.1700    53 0.6036
604 1    487 0.0000    487 0.1528    377 0.6481
605 1    487 0.0000    487 0.1252    377 0.6364
606 1    611 0.0000    611 0.1398    377 0.6360
607 1    611 0.0000    611 0.1116    53 0.6300
608 1    611 0.0000    611 0.1479    377 0.7167
609 1    611 0.0000    611 0.1296    53 0.6054
610 1    611 0.2469    449 0.2064    53 0.6521
611 1    611 0.0000    611 0.1488    377 0.7102
612 1    558 0.0000    558 0.1277    27 0.6691
613 1    611 0.0000    611 0.1058    53 0.6473
614 1    611 0.0000    611 0.1673    27 0.6104
615 1    611 0.0000    611 0.1146    53 0.6138
616 1    611 0.0000    611 0.1478    27 0.6077
617 1    611 0.0000    611 0.1355    53 0.6003
618 1    558 0.0000    558 0.1145    27 0.6822
619 1    558 0.0000    558 0.1254    53 0.6186
620 1    611 0.0000    611 0.1277    377 0.6134
621 1    611 0.0000    611 0.1251    377 0.6355
622 1    611 0.0000    611 0.1275    58 0.6408
623 1    611 0.0000    611 0.1171    53 0.6333
624 1    611 0.0000    611 0.1233    377 0.6584
625 1    487 0.0000    487 0.1603    53 0.6263
626 1    487 0.0000    487 0.1463    377 0.7040
627 1    487 0.0000    487 0.1610    58 0.6184
628 1    777 0.0000    777 0.1509    377 0.7066
629 1    598 0.0000    598 0.1440    377 0.7110
630 1    487 0.0000    487 0.1270    377 0.7024
631 1    487 0.0000    487 0.1312    377 0.6081
632 1    487 0.0000    487 0.1754    377 0.6524
633 1    558 0.0000    558 0.1419    27 0.6787
634 1    558 0.0000    558 0.1158    53 0.6698
635 1    558 0.0000    558 0.1150    53 0.6458
636 1    487 0.0000    487 0.1299    377 0.6608
637 1    487 0.0000    487 0.1233    377 0.6267
638 1    971 0.0000    971 0.1412    377 0.6866
639 1    971 0.0000    971 0.1559    377 0.7253
640 1    487 0.0000    487 0.1120    377 0.6787
641 1    487 0.0000    487 0.0890    377 0.6715
642 1    487 0.0000    487 0.1054    377 0.7041
643 1    487 0.0000    487 0.0973    377 0.6443
644 1    449 0.0000    449 0.1454    27 0.6472
645 1    449 0.0000    449 0.1214    27 0.6288
646 1    449 0.0000    449 0.1446    27 0.6446
647 1    558 0.0000    558 0.1621    53 0.6683
648 1    487 0.0000    487 0.1394    53 0.6124
649 1    611 0.0000    611 0.1599    53 0.6465
650 1    487 0.0000    487 0.1522    377 0.6174
651 1    487 0.0000    487 0.1697    377 0.6259
652 1    558 0.0000    558 0.1437    53 0.6496
653 1    558 0.0000    558 0.1307    53 0.6271
654 1    558 0.0000    558 0.1543    53 0.6345
655 1    558 0.0000    558 0.1182    53 0.6541
656 1    449 0.0000    449 0.1562    27 0.6811
657 1    405 0.0000    405 0.1632    27 0.6794
658 1    405 0.0000    405 0.1379    27 0.6843
659 1    449 0.0000    449 0.1369    27 0.6542
660 1    449 0.0000    449 0.1294    53 0.6410
661 1    449 0.0000    449 0.1148    27 0.6489
662 1    777 0.0000    777 0.1070    377 0.7052
663 1    611 0.0000    611 0.1272    53 0.6418
664 1    449 0.0000    449 0.1306    377 0.6394
665 1    777 0.0000    777 0.1426    377 0.6559
666 1    777 0.0000    777 0.1579    377 0.6988
667 1    449 0.0000    449 0.1309    377 0.6150
668 1    777 0.0000    777 0.0979    377 0.7236
669 1    449 0.0000    449 0.1620    377 0.6353
670 1    487 0.0000    487 0.1248    377 0.6297
671 1    487 0.0000    487 0.1295    377 0.7215
672 1    487 0.0000    487 0.1390    377 0.6686
673 1    487 0.0000    487 0.1228    377 0.6829
674 1    487 0.0000    487 0.1350    377 0.6057
675 1    777 0.0000    777 0.1174    377 0.6723
676 1    777 0.0000    777 0.1387    377 0.6451
677 1    777 0.0000    777 0.1187    377 0.6709
678 1    777 0.0000    777 0.0709    377 0.7099
679 1    777 0.0000    777 0.1050    377 0.7090
680 1    777 0.0000    777 0.1115    377 0.6978
681 1    777 0.0000    777 0.1371    377 0.6812
682 1    777 0.0000    777 0.1197    377 0.7064
683 1    777 0.0000    777 0.0794    377 0.7242
684 1    777 0.0000    777 0.1236    377 0.6424
685 1    777 0.0000    777 0.1329    377 0.6509
686 1    687 0.2560    449 0.2061    377 0.6513
687 1    687 0.0000    687 0.1277    377 0.6539
688 1    687 0.0000    687 0.1466    377 0.6571
689 1    449 0.0000    449 0.1410    27 0.6258
690 1    449 0.0000    449 0.1752    27 0.6457
691 1    692 0.2229    558 0.2002    27 0.6984
692 1    449 0.0000    449 0.1418    27 0.6258
693 1    449 0.0000    449 0.1322    27 0.6197
694 1    449 0.0000    449 0.1607    27 0.6128
695 1    729 0.0000    729 0.1362    36 0.6395
696 1    449 0.0000    449 0.1423    377 0.6203
697 1    687 0.0000    687 0.1714    27 0.6316
698 1    687 0.0000    687 0.1573    377 0.6483
699 1    777 0.0000    777 0.1577    377 0.6323
700 1    971 0.0000    971 0.1822    377 0.6907
701 1    971 0.0000    971 0.1640    377 0.7167
702 1    907 0.0000    907 0.1565    58 0.6686
703 1    927 0.0000    927 0.1622    58 0.6524
704 1    927 0.0000    927 0.1722    53 0.6588
705 1    611 0.0000    611 0.1452    53 0.6343
706 1    558 0.0000    558 0.1503    27 0.6657
707 1    611 0.0000    611 0.1400    53 0.6189
708 1    611 0.0000    611 0.1546    377 0.6642
709 1    611 0.0000    611 0.1623    21 0.6322
710 1    405 0.0000    405 0.1553    27 0.6840
711 1    405 0.0000    405 0.1660    27 0.7318
712 1    692 0.0000    692 0.1182    27 0.6658
713 1    449 0.0000    449 0.1541    27 0.6439
714 1    687 0.0000    687 0.1313    954 0.6157
715 1    729 0.0000    729 0.1850    36 0.6616
716 1    515 0.0000    515 0.1473    240 0.6247
717 1    692 0.0000    692 0.1521    27 0.6689
718 1    687 0.0000    687 0.1677    372 0.7125
719 1    449 0.0000    449 0.1376    27 0.6359
720 1    515 0.0000    515 0.1394    36 0.6452
721 1    449 0.0000    449 0.1848    27 0.6731
722 1    375 0.0000    375 0.1650    27 0.7581
723 1    375 0.0000    375 0.1595    27 0.7814
724 1    692 0.0000    692 0.1197    27 0.7204
725 1    692 0.0000    692 0.1424    27 0.6634
726 1    692 0.0000    692 0.1178    27 0.6694
727 1    729 0.0000    729 0.1806    377 0.6253
728 1    729 0.2452    687 0.2068    36 0.6330
729 1    729 0.0000    729 0.1416    27 0.6260
730 1    729 0.0000    729 0.1538    377 0.6046
731 1    729 0.0000    729 0.1384    377 0.6027
732 1    687 0.0000    687 0.1228    377 0.6102
733 1    729 0.0000    729 0.1291    377 0.5967
734 1    729 0.0000    729 0.1268    27 0.6679
735 1    449 0.0000    449 0.1183    377 0.6049
736 1    449 0.0000    449 0.1312    27 0.6089
737 1    449 0.0000    449 0.1437    377 0.6150
738 1    687 0.0000    687 0.1236    377 0.6576
739 1    687 0.0000    687 0.1675    377 0.6927
740 1    687 0.0000    687 0.1043    377 0.6646
741 1    687 0.0000    687 0.1217    377 0.6960
742 1    687 0.0000    687 0.1441    372 0.6618
743 1    687 0.0000    687 0.1446    377 0.6336
744 1    687 0.0000    687 0.1855    377 0.6871
745 1    449 0.0000    449 0.1337    377 0.6275
746 1    687 0.0000    687 0.1334    377 0.6970
747 1    687 0.0000    687 0.1076    377 0.6882
748 1    687 0.0000    687 0.1219    372 0.6619
749 1    687 0.0000    687 0.1351    377 0.6961
750 1    687 0.0000    687 0.1412    377 0.6084
751 1    449 0.0000    449 0.1100    53 0.6130
752 1    449 0.0000    449 0.1139    27 0.6035
753 1    449 0.0000    449 0.1462    377 0.6444
754 1    449 0.0000    449 0.1443    954 0.5984
755 1    449 0.0000    449 0.1503    377 0.6208
756 1    449 0.0000    449 0.1600    377 0.6035
757 1    558 0.0000    558 0.1509    377 0.6071
758 1    449 0.0000    449 0.1154    377 0.6012
759 1    449 0.0000    449 0.1396    27 0.5922
760 1    449 0.0000    449 0.1112    377 0.6169
761 1    449 0.0000    449 0.1273    377 0.6473
762 1    777 0.0000    777 0.1589    377 0.6590
763 1    449 0.0000    449 0.1412    53 0.6432
764 1    449 0.0000    449 0.1086    53 0.6139
765 1    449 0.0000    449 0.0967    27 0.6107
766 1    449 0.0000    449 0.0986    27 0.6028
767 1    777 0.0000    777 0.1306    377 0.6986
768 1    449 0.0000    449 0.1293    53 0.6162
769 1    611 0.0000    611 0.1394    53 0.6448
770 1    449 0.0000    449 0.1021    377 0.6040
771 1    449 0.0000    449 0.1307    53 0.6498
772 1    777 0.0000    777 0.1167    377 0.6797
773 1    777 0.0000    777 0.1007    377 0.7303
774 1    449 0.0000    449 0.1400    377 0.6398
775 1    449 0.0000    449 0.1225    27 0.6323
776 1    777 0.2295    487 0.2032    377 0.7183
777 1    449 0.0000    449 0.0988    53 0.6228
778 1    777 0.0000    777 0.1270    377 0.6480
779 1    449 0.0000    449 0.1369    53 0.5914
780 1    449 0.0000    449 0.1446    377 0.6111
781 1    487 0.0000    487 0.1385    377 0.6919
782 1    487 0.0000    487 0.1254    377 0.6547
783 1    487 0.0000    487 0.1378    377 0.6600
784 1    487 0.0000    487 0.1445    377 0.6420
785 1    449 0.0000    449 0.1112    27 0.6021
786 1    777 0.0000    777 0.1213    377 0.6566
787 1    777 0.0000    777 0.1082    377 0.6636
788 1    487 0.0000    487 0.1235    377 0.6540
789 1    927 0.0000    927 0.1313    377 0.6218
790 1    487 0.0000    487 0.1536    377 0.6391
791 1    971 0.0000    971 0.1208    377 0.7176
792 1    971 0.0000    971 0.1521    377 0.7198
793 1    907 0.0000    907 0.1676    53 0.7176
794 1    487 0.0000    487 0.1437    377 0.6091
795 1    487 0.0000    487 0.1510    377 0.6240
796 1    487 0.0000    487 0.1592    377 0.6089
797 1    927 0.0000    927 0.1402    53 0.6113
798 1    449 0.0000    449 0.1743    27 0.6175
799 1    449 0.0000    449 0.1721    377 0.6215
800 1    959 0.0000    959 0.1578    377 0.6920
801 1    449 0.0000    449 0.1608    27 0.5876
802 1    558 0.0000    558 0.1073    53 0.6470
803 1    907 0.0000    907 0.1623    58 0.6743
804 1    927 0.0000    927 0.1458    53 0.6192
805 1    449 0.0000    449 0.1324    377 0.5979
806 1    449 0.0000    449 0.1345    27 0.6258
807 1    449 0.0000    449 0.1854    27 0.6230
808 1    777 0.0000    777 0.1518    377 0.6284
809 1    777 0.0000    777 0.1331    377 0.6522
810 1    777 0.0000    777 0.1302    377 0.6462
811 1    487 0.0000    487 0.1500    377 0.6608
812 1    449 0.0000    449 0.1569    377 0.6071
813 1    449 0.0000    449 0.1557    53 0.5947
814 1    487 0.0000    487 0.1556    377 0.6563
815 1    487 0.0000    487 0.1548    377 0.6893
816 1    777 0.0000    777 0.1472    377 0.6687
817 1    927 0.0000    927 0.1308    53 0.6255
818 1    927 0.0000    927 0.1625    377 0.5981
819 1    927 0.0000    927 0.1275    377 0.6266
820 1    487 0.0000    487 0.1283    377 0.6455
821 1    927 0.0000    927 0.1391    377 0.6143
822 1    487 0.0000    487 0.1253    377 0.6907
823 1    845 0.0000    845 0.1010    377 0.7391
824 1    487 0.0000    487 0.1399    58 0.6239
825 1    487 0.0000    487 0.1266    377 0.6423
826 1    927 0.0000    927 0.1475    377 0.6664
827 1    487 0.0000    487 0.1468    377 0.7242
828 1    487 0.0000    487 0.1450    377 0.6594
829 1    487 0.0000    487 0.1448    377 0.6602
830 1    487 0.0000    487 0.1568    377 0.6728
831 1    487 0.0000    487 0.1447    377 0.6495
832 1    971 0.0000    971 0.1206    377 0.6863
833 1    845 0.0000    845 0.1554    377 0.7818
834 1    971 0.0000    971 0.1862    21 0.7113
835 1    907 0.0000    907 0.1535    58 0.6512
836 1    971 0.0000    971 0.1727    377 0.7393
837 1    971 0.0000    971 0.1695    377 0.7082
838 1    971 0.0000    971 0.1680    377 0.7451
839 1    845 0.0000    845 0.1232    377 0.7649
840 1    845 0.0000    845 0.1183    377 0.7746
841 1    845 0.0000    845 0.1400    377 0.7685
842 1    971 0.0000    971 0.1773    377 0.8078
843 1    845 0.0000    845 0.1405    377 0.7110
844 1    845 0.2306    971 0.2104    377 0.7625
845 1    845 0.0000    845 0.1314    377 0.7464
846 1    927 0.0000    927 0.1521    377 0.6764
847 1    927 0.0000    927 0.1702    377 0.6652
848 1    907 0.0000    907 0.1634    377 0.6624
849 1    971 0.0000    971 0.1509    377 0.7171
850 1    487 0.0000    487 0.1145    377 0.7025
851 1    927 0.0000    927 0.1224    377 0.6218
852 1    927 0.0000    927 0.1441    377 0.6164
853 1    558 0.0000    558 0.1309    53 0.6520
854 1    487 0.0000    487 0.1572    377 0.6466
855 1    487 0.0000    487 0.1652    377 0.6498
856 1    487 0.0000    487 0.1344    377 0.6346
857 1    487 0.0000    487 0.1505    377 0.6606
858 1    487 0.0000    487 0.1435    377 0.6687
859 1    845 0.0000    845 0.1398    377 0.7353
860 1    971 0.0000    971 0.1410    377 0.7249
861 1    777 0.0000    777 0.1221    377 0.7095
862 1    487 0.0000    487 0.1394    377 0.6839
863 1    927 0.0000    927 0.1312    377 0.6217
864 1    907 0.0000    907 0.1494    58 0.6775
865 1    927 0.0000    927 0.1474    377 0.6213
866 1    487 0.0000    487 0.1235    377 0.6237
867 1    845 0.0000    845 0.1607    377 0.6919
868 1    487 0.0000    487 0.1300    377 0.6754
869 1    487 0.0000    487 0.1335    377 0.7020
870 1    487 0.0000    487 0.1442    377 0.7303
871 1    845 0.0000    845 0.1283    377 0.7431
872 1    487 0.0000    487 0.1389    377 0.7070
873 1    487 0.0000    487 0.1363    377 0.6615
874 1    845 0.0000    845 0.1607    377 0.7368
875 1    971 0.0000    971 0.1594    377 0.7526
876 1    907 0.0000    907 0.1326    58 0.6653
877 1    845 0.0000    845 0.1264    377 0.7221
878 1    777 0.0000    777 0.1340    377 0.6930
879 1    927 0.0000    927 0.1435    377 0.6497
880 1    927 0.0000    927 0.1390    58 0.6477
881 1    971 0.0000    971 0.1569    377 0.6994
882 1    487 0.0000    487 0.1534    377 0.6997
883 1    959 0.0000    959 0.1831    377 0.6766
884 1    487 0.0000    487 0.1620    377 0.6770
885 1    971 0.0000    971 0.1609    377 0.7228
886 1    487 0.0000    487 0.1178    377 0.7094
887 1    487 0.0000    487 0.1427    377 0.6977
888 1    845 0.0000    845 0.1619    377 0.7339
889 1    487 0.0000    487 0.1762    377 0.6212
890 1    777 0.0000    777 0.1660    377 0.6566
891 1    927 0.0000    927 0.1570    53 0.6091
892 1    487 0.0000    487 0.1630    53 0.6307
893 1    487 0.0000    487 0.1712    377 0.6452
894 1    487 0.0000    487 0.1372    377 0.6466
895 1    971 0.0000    971 0.1549    377 0.6864
896 1    487 0.0000    487 0.1581    377 0.6908
897 1    845 0.0000    845 0.1355    377 0.7157
898 1    845 0.0000    845 0.1448    377 0.7508
899 1    487 0.0000    487 0.1758    377 0.6948
900 1    777 0.0000    777 0.1311    377 0.7036
901 1    777 0.0000    777 0.1300    377 0.7153
902 1    487 0.0000    487 0.1503    377 0.6738
903 1    487 0.0000    487 0.1585    377 0.6548
904 1    907 0.0000    907 0.0781    58 0.6872
905 1    907 0.0000    907 0.0852    58 0.6693
906 1    907 0.2280    558 0.2054    58 0.6864
907 1    927 0.0000    927 0.1367    377 0.6156
908 1    907 0.0000    907 0.1356    58 0.6389
909 1    907 0.0000    907 0.1324    377 0.6381
910 1    927 0.0000    927 0.1199    58 0.6218
911 1    487 0.0000    487 0.1492    53 0.6187
912 1    845 0.0000    845 0.1442    377 0.7778
913 1    971 0.0000    971 0.1348    377 0.6918
914 1    487 0.0000    487 0.1376    377 0.6653
915 1    953 0.0000    953 0.1658    377 0.7256
916 1    845 0.0000    845 0.1264    377 0.7361
917 1    777 0.0000    777 0.1250    377 0.6663
918 1    845 0.0000    845 0.1678    377 0.7292
919 1    777 0.0000    777 0.1784    377 0.7441
920 1    971 0.0000    971 0.1486    377 0.7620
921 1    927 0.0000    927 0.1395    377 0.6472
922 1    927 0.0000    927 0.0961    377 0.6180
923 1    927 0.0000    927 0.1499    377 0.6711
924 1    953 0.0000    953 0.1283    377 0.6682
925 1    971 0.0000    971 0.1447    21 0.6641
926 1    927 0.2268    959 0.2022    53 0.6218
927 1    971 0.0000    971 0.1450    377 0.6602
928 1    927 0.0000    927 0.1327    58 0.6367
929 1    953 0.0000    953 0.1901    58 0.6817
930 1    971 0.0000    971 0.1540    21 0.6912
931 1    971 0.0000    971 0.1262    377 0.6693
932 1    971 0.0000    971 0.1052    377 0.7091
933 1    927 0.0000    927 0.1326    377 0.6271
934 1    971 0.0000    971 0.1392    377 0.7377
935 1    971 0.0000    971 0.1169    377 0.7142
936 1    971 0.0000    971 0.1447    377 0.7272
937 1    971 0.0000    971 0.1533    377 0.6921
938 1    971 0.0000    971 0.1252    377 0.6717
939 1    959 0.0000    959 0.1360    377 0.6335
940 1    927 0.0000    927 0.0905    58 0.6120
941 1    927 0.0000    927 0.0901    58 0.6167
942 1    907 0.0000    907 0.1667    377 0.6472
943 1    845 0.0000    845 0.1169    377 0.7178
944 1    845 0.0000    845 0.1381    377 0.7256
945 1    971 0.0000    971 0.1310    377 0.6804
946 1    927 0.0000    927 0.1096    58 0.6313
947 1    927 0.0000    927 0.1232    53 0.6196
948 1    927 0.0000    927 0.1573    21 0.6288
949 1    927 0.0000    927 0.1451    27 0.6008
950 1    971 0.0000    971 0.1282    377 0.7045
951 1    953 0.0000    953 0.0986    377 0.6981
952 1    953 0.2267    971 0.2009    377 0.6735
953 1    954 0.6247    971 0.2671    21 0.7431
954 1    954 0.0000    954 0.1614    377 0.7363
955 1    954 0.0000    954 0.1244    21 0.7073
956 1    971 0.0000    971 0.1009    377 0.6592
957 1    971 0.0000    971 0.1679    58 0.6038
958 1    959 0.2247    927 0.2022    377 0.6096
959 1    959 0.0000    959 0.1121    377 0.6733
960 1    959 0.0000    959 0.1157    377 0.6480
961 1    959 0.0000    959 0.1525    377 0.6106
962 1    959 0.0000    959 0.0971    377 0.6218
963 1    927 0.0000    927 0.1348    53 0.5940
964 1    927 0.0000    927 0.1469    377 0.6342
965 1    927 0.0000    927 0.1269    58 0.6209
966 1    959 0.0000    959 0.0973    377 0.6282
967 1    927 0.0000    927 0.1525    377 0.6765
968 1    971 0.0000    971 0.1160    377 0.6580
969 1    971 0.0000    971 0.1208    377 0.6494
970 1    971 0.2337    953 0.2009    377 0.6930
971 1    971 0.0000    971 0.1072    377 0.6817
972 1    971 0.0000    971 0.1264    377 0.6501
973 1    971 0.0000    971 0.1148    377 0.6709
974 1    954 0.0000    954 0.1777    21 0.7220
975 1    927 0.0000    927 0.1646    377 0.6231
976 1    959 0.0000    959 0.1440    377 0.6419
977 1    971 0.0000    971 0.1471    377 0.6300
978 1    971 0.0000    971 0.1469    377 0.6549
979 1    959 0.0000    959 0.1283    377 0.6603
980 1    487 0.0000    487 0.1421    377 0.6748
981 1    959 0.0000    959 0.1172    377 0.6843
982 1    971 0.0000    971 0.1274    377 0.7103
983 1    953 0.0000    953 0.1497    377 0.6658
984 1    971 0.0000    971 0.1412    377 0.7341
985 1    845 0.0000    845 0.1469    377 0.7113
986 1    927 0.0000    927 0.1569    377 0.6320
987 1    971 0.0000    971 0.0977    377 0.7329
988 1    971 0.0000    971 0.0973    377 0.7237
989 1    971 0.0000    971 0.1359    58 0.6343
990 1    971 0.0000    971 0.1239    377 0.6669
991 1    959 0.0000    959 0.1468    377 0.6770
992 1    971 0.0000    971 0.1282    377 0.7108
993 1    953 0.0000    953 0.1621    377 0.6697
994 1    959 0.0000    959 0.1457    377 0.6820
995 1    845 0.0000    845 0.1520    377 0.7505
996 1    971 0.0000    971 0.1243    377 0.7020
997 1    971 0.0000    971 0.1137    377 0.6933
998 1    971 0.0000    971 0.1864    377 0.7627
999 1    971 0.0000    971 0.1328    377 0.7387
1000 1    971 0.0000    971 0.1343    377 0.7398
1001 2    1 0.0000    3 0.2842    838 0.7842
1002 2    1 0.0000    1 0.1407    838 0.7322
1003 2    3 0.2842    4 0.2059    838 0.6727
1004 2    4 0.2647    3 0.2059    838 0.7317
1005 2    8 0.0000    8 0.1881    838 0.7336
1006 2    8 0.0000    8 0.1629    838 0.7365
1007 2    8 0.0000    8 0.1450    838 0.7781
1008 2    8 0.2590    18 0.2337    838 0.6998
1009 2    10 0.0000    10 0.1723    945 0.7178
1010 2    10 0.3306    8 0.2679    720 0.7598
1011 2    10 0.0000    10 0.1920    720 0.8231
1012 2    12 0.2505    13 0.2081    838 0.7708
1013 2    13 0.2520    12 0.2081    838 0.7521
1014 2    13 0.0000    13 0.1309    838 0.7663
1015 2    16 0.0000    16 0.1640    838 0.7220
1016 2    16 0.2781    3 0.2181    838 0.6862
1017 2    17 0.2693    12 0.2169    838 0.7720
1018 2    18 0.2695    16 0.2285    838 0.6657
1019 2    18 0.0000    18 0.1740    838 0.6210
1020 2    18 0.0000    18 0.1703    838 0.6525
1021 2    22 0.0000    22 0.1508    838 0.6442
1022 2    22 0.2835    16 0.2289    838 0.5955
1023 2    22 0.0000    22 0.1496    838 0.6120
1024 2    22 0.0000    22 0.1840    838 0.6154
1025 2    31 0.0000    31 0.1865    838 0.6166
1026 2    41 0.0000    41 0.1812    843 0.5240
1027 2    31 0.0000    31 0.1328    1 0.6335
1028 2    28 0.3078    42 0.2169    1 0.6399
1029 2    28 0.0000    28 0.1574    1 0.6135
1030 2    31 0.0000    31 0.1511    1 0.6339
1031 2    31 0.3258    41 0.2058    720 0.6184
1032 2    41 0.0000    41 0.1714    1 0.5545
1033 2    41 0.0000    41 0.1519    1 0.6018
1034 2    41 0.0000    41 0.1714    1 0.5979
1035 2    42 0.0000    42 0.1493    1 0.6496
1036 2    38 0.0000    38 0.1159    1 0.7464
1037 2    38 0.0000    38 0.1524    1 0.7182
1038 2    38 0.3314    42 0.2094    1 0.6796
1039 2    38 0.0000    38 0.1122    617 0.6244
1040 2    38 0.0000    38 0.1620    1 0.6190
1041 2    41 0.2570    50 0.2001    1 0.5684
1042 2    42 0.2960    38 0.2094    1 0.6380
1043 2    42 0.0000    42 0.1300    1 0.5779
1044 2    46 0.0000    46 0.1661    1 0.5866
1045 2    42 0.0000    42 0.1831    1 0.5854
1046 2    46 0.2983    50 0.2059    838 0.6148
1047 2    53 0.0000    53 0.1471    1 0.5925
1048 2    46 0.0000    46 0.1463    1 0.5981
1049 2    50 0.0000    50 0.1095    1 0.5765
1050 2    50 0.2998    41 0.2001    945 0.5788
1051 2    50 0.0000    50 0.1596    838 0.6426
1052 2    50 0.0000    50 0.1744    838 0.6565
1053 2    53 0.2615    46 0.2059    1 0.5786
1054 2    53 0.0000    53 0.1485    838 0.6009
1055 2    58 0.0000    58 0.1238    838 0.7146
1056 2    56 0.2552    61 0.2078    838 0.7542
1057 2    58 0.0000    58 0.1085    838 0.6736
1058 2    58 0.2601    56 0.2173    838 0.7027
1059 2    58 0.0000    58 0.1360    838 0.6504
1060 2    61 0.0000    61 0.0986    838 0.6248
1061 2    61 0.2446    56 0.2078    838 0.6296
1062 2    75 0.0000    75 0.1267    838 0.6780
1063 2    61 0.0000    61 0.1535    838 0.6179
1064 2    64 0.2568    61 0.2154    617 0.5819
1065 2    82 0.0000    82 0.1749    1 0.6037
1066 2    68 0.0000    68 0.1502    1 0.5978
1067 2    68 0.0000    68 0.1325    1 0.6503
1068 2    68 0.2689    53 0.2068    1 0.6530
1069 2    68 0.0000    68 0.1424    1 0.6189
1070 2    70 0.4417    68 0.2292    1 0.6929
1071 2    70 0.0000    70 0.1371    1 0.6804
1072 2    75 0.0000    75 0.1484    838 0.6197
1073 2    75 0.0000    75 0.1643    838 0.5940
1074 2    75 0.0000    75 0.1595    838 0.5921
1075 2    75 0.2384    82 0.2032    838 0.6565
1076 2    75 0.0000    75 0.1279    838 0.6091
1077 2    75 0.0000    75 0.1418    838 0.5878
1078 2    82 0.0000    82 0.1326    1 0.6334
1079 2    82 0.0000    82 0.1156    838 0.5928
1080 2    75 0.0000    75 0.1569    838 0.6265
1081 2    82 0.0000    82 0.1077    1 0.5660
1082 2    82 0.2305    75 0.2032    1 0.6065
1083 2    82 0.0000    82 0.1375    838 0.5876
1084 2    82 0.0000    82 0.1205    1 0.5863
1085 2    82 0.0000    82 0.1348    1 0.5943
1086 2    82 0.0000    82 0.1387    1 0.6222
1087 2    88 0.0000    88 0.1604    838 0.6315
1088 2    88 0.3256    50 0.2101    1 0.6127
1089 2    88 0.0000    88 0.0898    838 0.5891
1090 2    88 0.0000    88 0.1346    838 0.5848
1091 2    88 0.0000    88 0.1392    1 0.6199
1092 2    117 0.0000    117 0.1333    1 0.5565
1093 2    117 0.0000    117 0.1065    617 0.5723
1094 2    117 0.0000    117 0.1038    12 0.5441
1095 2    117 0.0000    117 0.0800    1 0.5842
1096 2    117 0.0000    117 0.1536    617 0.6567
1097 2    117 0.0000    117 0.0845    1 0.6009
1098 2    117 0.0000    117 0.1115    617 0.6132
1099 2    117 0.0000    117 0.1048    1 0.5639
1100 2    117 0.0000    117 0.1436    1 0.5818
1101 2    117 0.0000    117 0.1094    1 0.5389
1102 2    117 0.0000    117 0.1361    1 0.5445
1103 2    117 0.0000    117 0.1158    617 0.5800
1104 2    117 0.0000    117 0.1315    1 0.6351
1105 2    117 0.0000    117 0.1457    617 0.6329
1106 2    117 0.0000    117 0.0577    617 0.5543
1107 2    117 0.0000    117 0.1169    617 0.6093
1108 2    117 0.0000    117 0.0865    12 0.6051
1109 2    117 0.0000    117 0.0889    617 0.5844
1110 2    117 0.0000    117 0.1465    1 0.6068
1111 2    117 0.0000    117 0.1307    1 0.5419
1112 2    117 0.0000    117 0.1407    1 0.5254
1113 2    117 0.0000    117 0.1076    617 0.5698
1114 2    129 0.0000    129 0.1396    1 0.5506
1115 2    117 0.0000    117 0.1411    12 0.6339
1116 2    117 0.0000    117 0.1299    12 0.6281
1117 2    117 0.2499    129 0.2009    12 0.5623
1118 2    117 0.0000    117 0.1070    12 0.5863
1119 2    117 0.0000    117 0.0873    12 0.5769
1120 2    117 0.0000    117 0.1498    617 0.5396
1121 2    117 0.0000    117 0.1245    12 0.5844
1122 2    117 0.0000    117 0.1073    1 0.5725
1123 2    117 0.0000    117 0.1388    838 0.5436
1124 2    117 0.0000    117 0.1401    1 0.5680
1125 2    117 0.0000    117 0.1597    838 0.5449
1126 2    117 0.0000    117 0.1377    1 0.5263
1127 2    129 0.0000    129 0.0795    838 0.5287
1128 2    129 0.0000    129 0.0724    838 0.5566
1129 2    129 0.2313    117 0.2009    838 0.5359
1130 2    129 0.0000    129 0.1084    838 0.6067
1131 2    129 0.0000    129 0.1347    838 0.5961
1132 2    129 0.0000    129 0.1562    838 0.6163
1133 2    129 0.0000    129 0.1535    838 0.5882
1134 2    129 0.0000    129 0.1632    838 0.5692
1135 2    148 0.0000    148 0.1787    1 0.5641
1136 2    140 0.0000    140 0.1512    838 0.5340
1137 2    140 0.0000    140 0.1361    1 0.5150
1138 2    140 0.0000    140 0.1321    1 0.5282
1139 2    148 0.0000    148 0.1097    1 0.5511
1140 2    140 0.2201    262 0.2028    1 0.5400
1141 2    140 0.0000    140 0.0886    1 0.5434
1142 2    140 0.0000    140 0.1149    1 0.5850
1143 2    148 0.0000    148 0.1267    1 0.6042
1144 2    148 0.0000    148 0.1472    17 0.5581
1145 2    148 0.0000    148 0.1187    1 0.6040
1146 2    117 0.0000    117 0.1604    1 0.5684
1147 2    148 0.0000    148 0.1341    12 0.6044
1148 2    148 0.2170    578 0.2050    1 0.5921
1149 2    140 0.0000    140 0.1530    1 0.6077
1150 2    140 0.0000    140 0.1426    1 0.5555
1151 2    651 0.0000    651 0.1564    1 0.5678
1152 2    140 0.0000    140 0.1312    1 0.5498
1153 2    348 0.0000    348 0.1553    1 0.5256
1154 2    651 0.0000    651 0.1471    1 0.5605
1155 2    155 0.2562    505 0.2011    10 0.5570
1156 2    140 0.0000    140 0.1412    1 0.5492
1157 2    155 0.0000    155 0.1233    1 0.5313
1158 2    651 0.0000    651 0.1422    10 0.5348
1159 2    651 0.0000    651 0.1326    1 0.5484
1160 2    155 0.0000    155 0.1430    1 0.5491
1161 2    140 0.0000    140 0.1347    838 0.5581
1162 2    262 0.0000    262 0.1190    838 0.5617
1163 2    613 0.0000    613 0.1375    838 0.6291
1164 2    613 0.0000    613 0.1382    838 0.6045
1165 2    613 0.0000    613 0.1454    1 0.5964
1166 2    140 0.0000    140 0.1582    838 0.5738
1167 2    613 0.0000    613 0.1555    838 0.6486
1168 2    613 0.0000    613 0.1590    838 0.6347
1169 2    613 0.0000    613 0.1857    962 0.6631
1170 2    171 0.0000    171 0.1640    838 0.7000
1171 2    171 0.2960    613 0.2359    838 0.6604
1172 2    171 0.0000    171 0.1530    838 0.5873
1173 2    555 0.0000    555 0.1674    838 0.5972
1174 2    555 0.0000    555 0.1991    838 0.6264
1175 2    348 0.0000    348 0.1325    838 0.5412
1176 2    348 0.0000    348 0.1364    838 0.5457
1177 2    348 0.0000    348 0.1348    838 0.5606
1178 2    375 0.0000    375 0.1286    617 0.5636
1179 2    348 0.0000    348 0.1489    838 0.5886
1180 2    348 0.0000    348 0.1346    838 0.5775
1181 2    348 0.0000    348 0.0967    838 0.5308
1182 2    348 0.0000    348 0.1139    838 0.5177
1183 2    348 0.0000    348 0.1269    838 0.5952
1184 2    348 0.0000    348 0.1264    1 0.5265
1185 2    348 0.0000    348 0.1240    617 0.5026
1186 2    348 0.0000    348 0.1197    1 0.4999
1187 2    348 0.0000    348 0.1252    838 0.5658
1188 2    171 0.0000    171 0.1725    490 0.5872
1189 2    348 0.0000    348 0.1341    617 0.5122
1190 2    194 0.0000    194 0.0959    617 0.5682
1191 2    348 0.0000    348 0.1192    945 0.5261
1192 2    348 0.0000    348 0.1277    1 0.5284
1193 2    194 0.0000    194 0.0956    1 0.5436
1194 2    194 0.3021    647 0.2007    617 0.5674
1195 2    348 0.0000    348 0.1188    1 0.5333
1196 2    348 0.0000    348 0.1197    838 0.5243
1197 2    348 0.0000    348 0.1423    1 0.5176
1198 2    194 0.0000    194 0.1412    617 0.5103
1199 2    348 0.0000    348 0.1474    617 0.5064
1200 2    194 0.0000    194 0.1480    617 0.5187
1201 2    194 0.0000    194 0.1274    1 0.5583
1202 2    348 0.0000    348 0.1265    945 0.5503
1203 2    348 0.0000    348 0.1241    945 0.5359
1204 2    348 0.0000    348 0.1270    838 0.5490
1205 2    348 0.0000    348 0.1091    945 0.5576
1206 2    348 0.0000    348 0.1272    1 0.5149
1207 2    194 0.0000    194 0.1698    1 0.5564
1208 2    348 0.0000    348 0.1509    1 0.5199
1209 2    194 0.0000    194 0.1267    1 0.5313
1210 2    148 0.0000    148 0.1592    1 0.5934
1211 2    194 0.0000    194 0.1644    1 0.5848
1212 2    194 0.0000    194 0.1603    1 0.5691
1213 2    194 0.0000    194 0.1221    1 0.5323
1214 2    348 0.0000    348 0.1636    838 0.5314
1215 2    348 0.0000    348 0.1432    617 0.5100
1216 2    348 0.0000    348 0.1327    838 0.5113
1217 2    348 0.0000    348 0.1249    1 0.5284
1218 2    348 0.0000    348 0.1247    945 0.5073
1219 2    148 0.0000    148 0.1475    1 0.5632
1220 2    651 0.0000    651 0.1707    617 0.6016
1221 2    632 0.0000    632 0.1771    617 0.6520
1222 2    239 0.0000    239 0.1726    1 0.5735
1223 2    239 0.0000    239 0.1499    12 0.5824
1224 2    239 0.0000    239 0.1422    617 0.5817
1225 2    647 0.0000    647 0.1489    617 0.6214
1226 2    239 0.0000    239 0.1710    1 0.5980
1227 2    148 0.0000    148 0.1827    1 0.6233
1228 2    239 0.0000    239 0.1850    1 0.5821
1229 2    647 0.0000    647 0.1634    1 0.5719
1230 2    647 0.0000    647 0.1647    1 0.5796
1231 2    239 0.0000    239 0.1200    617 0.5658
1232 2    239 0.0000    239 0.1523    617 0.6408
1233 2    239 0.0000    239 0.1034    12 0.5444
1234 2    477 0.0000    477 0.1327    617 0.6604
1235 2    239 0.0000    239 0.1627    617 0.6202
1236 2    239 0.0000    239 0.1048    617 0.5890
1237 2    239 0.0000    239 0.0940    617 0.5981
1238 2    239 0.0000    239 0.1090    838 0.5071
1239 2    239 0.2125    375 0.2039    617 0.5514
1240 2    239 0.0000    239 0.1003    12 0.5389
1241 2    239 0.0000    239 0.1069    617 0.6192
1242 2    239 0.0000    239 0.0840    617 0.5502
1243 2    239 0.0000    239 0.1076    617 0.6149
1244 2    239 0.0000    239 0.1154    617 0.6122
1245 2    239 0.0000    239 0.1031    617 0.5455
1246 2    239 0.0000    239 0.1096    617 0.5583
1247 2    239 0.0000    239 0.1105    617 0.5973
1248 2    239 0.0000    239 0.0847    617 0.5366
1249 2    239 0.0000    239 0.1282    617 0.5794
1250 2    477 0.0000    477 0.1740    617 0.6658
1251 2    194 0.0000    194 0.1537    617 0.5616
1252 2    348 0.0000    348 0.1702    617 0.5289
1253 2    375 0.0000    375 0.1593    617 0.5368
1254 2    194 0.0000    194 0.1374    617 0.5993
1255 2    348 0.0000    348 0.1441    838 0.5555
1256 2    348 0.0000    348 0.1096    1 0.4998
1257 2    194 0.0000    194 0.1526    617 0.5714
1258 2    194 0.0000    194 0.1555    617 0.5928
1259 2    632 0.0000    632 0.1822    617 0.5974
1260 2    348 0.0000    348 0.1382    1 0.5540
1261 2    140 0.0000    140 0.1307    1 0.5192
1262 2    262 0.2726    140 0.2028    490 0.5804
1263 2    262 0.0000    262 0.1378    490 0.6488
1264 2    277 0.0000    277 0.1419    490 0.5340
1265 2    262 0.0000    262 0.1379    838 0.5795
1266 2    140 0.0000    140 0.1754    1 0.5382
1267 2    140 0.0000    140 0.1420    1 0.5747
1268 2    262 0.0000    262 0.1177    490 0.5995
1269 2    262 0.0000    262 0.0909    838 0.5910
1270 2    262 0.0000    262 0.1691    490 0.6129
1271 2    262 0.0000    262 0.1099    838 0.6079
1272 2    277 0.0000    277 0.1425    490 0.5849
1273 2    277 0.0000    277 0.1470    490 0.5613
1274 2    456 0.0000    456 0.1771    490 0.5791
1275 2    456 0.0000    456 0.1699    490 0.5824
1276 2    262 0.0000    262 0.1411    490 0.6231
1277 2    277 0.2528    262 0.2192    838 0.5677
1278 2    277 0.0000    277 0.1344    838 0.5963
1279 2    277 0.0000    277 0.1468    490 0.5508
1280 2    262 0.0000    262 0.1271    490 0.5992
1281 2    514 0.0000    514 0.1504    1 0.5736
1282 2    262 0.0000    262 0.1384    838 0.5195
1283 2    239 0.0000    239 0.1440    838 0.4887
1284 2    239 0.0000    239 0.1406    10 0.5275
1285 2    239 0.0000    239 0.1522    1 0.5505
1286 2    348 0.0000    348 0.1378    1 0.5239
1287 2    348 0.0000    348 0.1485    1 0.5402
1288 2    262 0.0000    262 0.1454    838 0.5938
1289 2    651 0.0000    651 0.1615    1 0.5336
1290 2    348 0.0000    348 0.1333    1 0.5440
1291 2    348 0.0000    348 0.1443    1 0.5410
1292 2    348 0.0000    348 0.1665    617 0.5253
1293 2    194 0.0000    194 0.1638    1 0.5412
1294 2    348 0.0000    348 0.1446    1 0.5423
1295 2    647 0.0000    647 0.1543    617 0.6418
1296 2    239 0.0000    239 0.1602    1 0.5420
1297 2    148 0.0000    148 0.1677    1 0.5519
1298 2    194 0.0000    194 0.1677    617 0.5789
1299 2    647 0.0000    647 0.1600    617 0.5341
1300 2    348 0.0000    348 0.1588    1 0.5550
1301 2    239 0.0000    239 0.1690    617 0.5827
1302 2    239 0.0000    239 0.1574    617 0.5645
1303 2    239 0.0000    239 0.1630    617 0.5329
1304 2    348 0.0000    348 0.1258    838 0.4959
1305 2    348 0.0000    348 0.1549    617 0.4929
1306 2    651 0.0000    651 0.1643    1 0.5069
1307 2    239 0.0000    239 0.1584    617 0.5452
1308 2    348 0.0000    348 0.1531    617 0.5034
1309 2    239 0.0000    239 0.1515    617 0.5897
1310 2    239 0.0000    239 0.1008    617 0.5655
1311 2    239 0.0000    239 0.1425    617 0.5743
1312 2    239 0.0000    239 0.1429    1 0.5045
1313 2    239 0.0000    239 0.1623    617 0.5304
1314 2    239 0.0000    239 0.1564    617 0.5164
1315 2    348 0.0000    348 0.1151    1 0.5294
1316 2    348 0.0000    348 0.1234    1 0.5255
1317 2    194 0.0000    194 0.1458    617 0.5289
1318 2    348 0.0000    348 0.1233    838 0.5225
1319 2    348 0.0000    348 0.1223    838 0.5012
1320 2    647 0.0000    647 0.1368    617 0.5683
1321 2    375 0.0000    375 0.1177    617 0.5788
1322 2    348 0.0000    348 0.1446    1 0.5099
1323 2    239 0.0000    239 0.1697    617 0.5330
1324 2    348 0.0000    348 0.1043    1 0.5463
1325 2    348 0.0000    348 0.1295    1 0.5341
1326 2    647 0.0000    647 0.1377    617 0.5681
1327 2    375 0.0000    375 0.1328    617 0.5679
1328 2    375 0.0000    375 0.1515    617 0.5255
1329 2    239 0.0000    239 0.1250    617 0.6127
1330 2    239 0.0000    239 0.1186    617 0.5396
1331 2    239 0.0000    239 0.1563    838 0.5313
1332 2    375 0.0000    375 0.1692    617 0.5461
1333 2    375 0.0000    375 0.1319    617 0.5508
1334 2    239 0.0000    239 0.1680    617 0.6222
1335 2    337 0.0000    337 0.0982    617 0.6994
1336 2    337 0.0000    337 0.1222    617 0.7095
1337 2    337 0.2304    636 0.2062    617 0.7183
1338 2    647 0.0000    647 0.1675    617 0.6516
1339 2    477 0.0000    477 0.1622    617 0.6761
1340 2    647 0.0000    647 0.1434    617 0.6198
1341 2    337 0.0000    337 0.1603    617 0.6520
1342 2    337 0.0000    337 0.1289    617 0.6868
1343 2    337 0.0000    337 0.0837    617 0.7155
1344 2    375 0.0000    375 0.1607    617 0.6297
1345 2    239 0.0000    239 0.1651    617 0.5462
1346 2    148 0.0000    148 0.1659    12 0.5625
1347 2    348 0.0000    348 0.1226    945 0.5856
1348 2    348 0.2403    41 0.2034    945 0.5335
1349 2    348 0.0000    348 0.0820    945 0.5123
1350 2    348 0.0000    348 0.1503    838 0.6004
1351 2    348 0.0000    348 0.1023    945 0.5391
1352 2    348 0.0000    348 0.1035    945 0.5469
1353 2    348 0.0000    348 0.1157    945 0.5609
1354 2    348 0.0000    348 0.1151    838 0.5436
1355 2    606 0.0000    606 0.1510    1 0.5290
1356 2    348 0.0000    348 0.1278    1 0.5403
1357 2    348 0.0000    348 0.1365    945 0.5793
1358 2    348 0.0000    348 0.1365    838 0.5732
1359 2    348 0.0000    348 0.1286    490 0.5745
1360 2    348 0.0000    348 0.1286    490 0.5757
1361 2    348 0.0000    348 0.1020    945 0.5466
1362 2    348 0.0000    348 0.1478    1 0.5419
1363 2    348 0.0000    348 0.1501    1 0.5772
1364 2    348 0.0000    348 0.1385    1 0.5036
1365 2    348 0.0000    348 0.1626    1 0.5584
1366 2    348 0.0000    348 0.1342    1 0.5457
1367 2    348 0.0000    348 0.1670    1 0.5516
1368 2    194 0.0000    194 0.1410    617 0.5754
1369 2    239 0.0000    239 0.1460    1 0.5266
1370 2    375 0.0000    375 0.1250    838 0.5317
1371 2    375 0.0000    375 0.1105    838 0.5450
1372 2    375 0.0000    375 0.1470    617 0.5103
1373 2    239 0.0000    239 0.1397    12 0.5577
1374 2    375 0.0000    375 0.1347    617 0.5386
1375 2    375 0.2668    239 0.2039    617 0.5656
1376 2    375 0.0000    375 0.0876    617 0.6053
1377 2    379 0.0000    379 0.1490    617 0.6794
1378 2    379 0.0000    379 0.1487    617 0.6818
1379 2    379 0.4058    477 0.2281    617 0.6394
1380 2    379 0.0000    379 0.1565    617 0.6059
1381 2    379 0.0000    379 0.1349    617 0.6185
1382 2    375 0.0000    375 0.1371    617 0.5630
1383 2    375 0.0000    375 0.1352    838 0.5317
1384 2    239 0.0000    239 0.1473    617 0.5622
1385 2    239 0.0000    239 0.1473    12 0.5813
1386 2    348 0.0000    348 0.1558    838 0.5100
1387 2    348 0.0000    348 0.1467    1 0.5250
1388 2    239 0.0000    239 0.1507    617 0.5144
1389 2    239 0.0000    239 0.1560    1 0.5691
1390 2    375 0.0000    375 0.1413    838 0.5548
1391 2    606 0.0000    606 0.1670    1 0.5590
1392 2    647 0.0000    647 0.1548    1 0.5422
1393 2    647 0.0000    647 0.1506    617 0.5260
1394 2    375 0.0000    375 0.1403    838 0.5462
1395 2    375 0.0000    375 0.1377    617 0.5440
1396 2    647 0.0000    647 0.1555    617 0.5550
1397 2    239 0.0000    239 0.1496    1 0.5201
1398 2    239 0.0000    239 0.1254    617 0.5507
1399 2    647 0.0000    647 0.1482    617 0.5542
1400 2    375 0.0000    375 0.1181    838 0.5646
1401 2    239 0.0000    239 0.1276    617 0.5512
1402 2    375 0.0000    375 0.1405    617 0.5973
1403 2    348 0.0000    348 0.1225    1 0.5032
1404 2    194 0.0000    194 0.1431    1 0.5602
1405 2    647 0.0000    647 0.1419    617 0.5609
1406 2    647 0.0000    647 0.1454    617 0.5587
1407 2    375 0.0000    375 0.1468    617 0.5339
1408 2    606 0.0000    606 0.1608    617 0.5570
1409 2    194 0.0000    194 0.1313    1 0.5411
1410 2    348 0.0000    348 0.1439    1 0.5558
1411 2    194 0.0000    194 0.1445    1 0.5579
1412 2    194 0.0000    194 0.1627    1 0.5867
1413 2    194 0.0000    194 0.1456    1 0.5713
1414 2    194 0.0000    194 0.1507    617 0.5615
1415 2    606 0.0000    606 0.1593    1 0.5086
1416 2    348 0.0000    348 0.1790    1 0.5625
1417 2    348 0.0000    348 0.1321    1 0.5794
1418 2    348 0.0000    348 0.1356    945 0.5109
1419 2    348 0.0000    348 0.1505    838 0.5107
1420 2    606 0.0000    606 0.1578    617 0.5546
1421 2    194 0.0000    194 0.1441    617 0.5199
1422 2    194 0.0000    194 0.1265    617 0.5362
1423 2    348 0.0000    348 0.1520    1 0.5093
1424 2    606 0.0000    606 0.1555    617 0.5830
1425 2    606 0.0000    606 0.1594    1 0.5728
1426 2    194 0.0000    194 0.1470    617 0.6160
1427 2    194 0.0000    194 0.1580    617 0.5971
1428 2    606 0.0000    606 0.1346    1 0.5381
1429 2    606 0.0000    606 0.1432    1 0.5672
1430 2    348 0.0000    348 0.1449    945 0.5658
1431 2    348 0.0000    348 0.1317    945 0.5532
1432 2    348 0.0000    348 0.1487    945 0.5560
1433 2    348 0.0000    348 0.1605    838 0.5457
1434 2    348 0.0000    348 0.1524    945 0.5615
1435 2    606 0.0000    606 0.1318    838 0.5379
1436 2    606 0.0000    606 0.1218    617 0.5584
1437 2    606 0.0000    606 0.1237    617 0.5231
1438 2    606 0.0000    606 0.1463    1 0.5649
1439 2    348 0.0000    348 0.1555    1 0.5643
1440 2    606 0.0000    606 0.1497    1 0.5638
1441 2    348 0.0000    348 0.1361    838 0.5575
1442 2    375 0.0000    375 0.1736    838 0.5778
1443 2    375 0.0000    375 0.1488    617 0.5471
1444 2    375 0.0000    375 0.1411    838 0.5428
1445 2    348 0.0000    348 0.1585    1 0.5552
1446 2    606 0.0000    606 0.1515    1 0.5344
1447 2    375 0.0000    375 0.1417    617 0.5293
1448 2    239 0.0000    239 0.1337    617 0.5255
1449 2    606 0.0000    606 0.1627    617 0.5847
1450 2    375 0.0000    375 0.1564    617 0.5438
1451 2    375 0.0000    375 0.1483    617 0.5945
1452 2    562 0.0000    562 0.1587    838 0.6054
1453 2    505 0.0000    505 0.1729    838 0.5814
1454 2    465 0.0000    465 0.1858    10 0.5322
1455 2    277 0.0000    277 0.1709    10 0.5506
1456 2    456 0.3150    348 0.2042    962 0.5660
1457 2    456 0.0000    456 0.1221    962 0.5688
1458 2    456 0.0000    456 0.1257    838 0.5344
1459 2    505 0.0000    505 0.1950    838 0.6586
1460 2    465 0.0000    465 0.1641    838 0.6411
1461 2    467 0.0000    467 0.1541    10 0.5785
1462 2    477 0.0000    477 0.1592    12 0.7371
1463 2    467 0.0000    467 0.1784    12 0.6171
1464 2    467 0.0000    467 0.1580    12 0.5640
1465 2    465 0.2399    467 0.2114    838 0.5782
1466 2    465 0.0000    465 0.1515    838 0.5918
1467 2    467 0.2510    647 0.2013    10 0.6128
1468 2    467 0.0000    467 0.1273    10 0.6587
1469 2    467 0.0000    467 0.0717    10 0.5924
1470 2    467 0.0000    467 0.1456    12 0.6384
1471 2    477 0.0000    477 0.1098    617 0.6924
1472 2    477 0.0000    477 0.1947    617 0.8060
1473 2    477 0.0000    477 0.1477    617 0.7345
1474 2    477 0.0000    477 0.1328    617 0.7250
1475 2    477 0.0000    477 0.0827    617 0.6873
1476 2    477 0.0000    477 0.0988    617 0.6471
1477 2    477 0.2206    675 0.2066    617 0.6961
1478 2    478 0.2175    675 0.2013    12 0.6712
1479 2    239 0.0000    239 0.1391    12 0.5916
1480 2    477 0.0000    477 0.1501    12 0.7537
1481 2    477 0.0000    477 0.1447    617 0.6595
1482 2    477 0.0000    477 0.1886    12 0.7193
1483 2    478 0.0000    478 0.1358    12 0.6764
1484 2    477 0.0000    477 0.1937    12 0.7179
1485 2    490 0.0000    490 0.1771    617 0.7393
1486 2    490 0.0000    490 0.1614    617 0.7235
1487 2    490 0.0000    490 0.1087    12 0.7177
1488 2    490 0.0000    490 0.1183    12 0.7862
1489 2    490 0.0000    490 0.1040    12 0.7486
1490 2    490 0.3772    477 0.2267    10 0.7528
1491 2    490 0.0000    490 0.0858    617 0.7781
1492 2    490 0.0000    490 0.1013    617 0.7693
1493 2    490 0.0000    490 0.1164    617 0.7775
1494 2    490 0.0000    490 0.1231    617 0.7674
1495 2    490 0.0000    490 0.1518    617 0.7652
1496 2    477 0.0000    477 0.1545    12 0.7150
1497 2    477 0.0000    477 0.1437    12 0.6654
1498 2    477 0.0000    477 0.0948    617 0.6861
1499 2    477 0.0000    477 0.1422    12 0.6638
1500 2    477 0.0000    477 0.1042    12 0.6602
1501 2    477 0.0000    477 0.1380    12 0.7088
1502 2    239 0.0000    239 0.1615    10 0.5323
1503 2    514 0.0000    514 0.1298    843 0.5738
1504 2    613 0.0000    613 0.1671    838 0.5974
1505 2    505 0.2316    155 0.2011    838 0.5640
1506 2    505 0.0000    505 0.1296    843 0.5221
1507 2    505 0.0000    505 0.1576    838 0.5309
1508 2    586 0.0000    586 0.1434    838 0.6414
1509 2    505 0.0000    505 0.1804    17 0.5501
1510 2    514 0.0000    514 0.1216    843 0.5348
1511 2    239 0.0000    239 0.1697    17 0.5731
1512 2    514 0.0000    514 0.0964    1 0.5762
1513 2    514 0.0000    514 0.0953    17 0.5410
1514 2    514 0.2207    148 0.2055    1 0.5921
1515 2    478 0.0000    478 0.1218    12 0.6282
1516 2    239 0.0000    239 0.1666    12 0.5869
1517 2    544 0.0000    544 0.1563    1 0.6283
1518 2    514 0.0000    514 0.1179    1 0.5615
1519 2    478 0.0000    478 0.1531    12 0.6495
1520 2    478 0.0000    478 0.1113    1 0.6759
1521 2    478 0.0000    478 0.0754    12 0.6571
1522 2    544 0.0000    544 0.1233    12 0.7057
1523 2    478 0.0000    478 0.1183    12 0.6730
1524 2    478 0.0000    478 0.1603    12 0.7596
1525 2    478 0.0000    478 0.1082    12 0.6536
1526 2    478 0.0000    478 0.0998    12 0.6385
1527 2    478 0.0000    478 0.0950    12 0.6882
1528 2    477 0.0000    477 0.1386    12 0.6649
1529 2    478 0.0000    478 0.1160    12 0.6694
1530 2    478 0.0000    478 0.1084    12 0.6559
1531 2    478 0.0000    478 0.1647    12 0.6960
1532 2    544 0.0000    544 0.1594    12 0.7186
1533 2    675 0.0000    675 0.1547    617 0.6439
1534 2    478 0.0000    478 0.1142    12 0.7163
1535 2    478 0.0000    478 0.1069    12 0.6299
1536 2    478 0.0000    478 0.0757    12 0.6874
1537 2    477 0.0000    477 0.1639    617 0.7270
1538 2    477 0.0000    477 0.1559    617 0.6925
1539 2    477 0.0000    477 0.1170    617 0.6767
1540 2    477 0.0000    477 0.1063    617 0.6545
1541 2    478 0.0000    478 0.1248    12 0.6704
1542 2    544 0.0000    544 0.1056    12 0.6729
1543 2    239 0.0000    239 0.1532    12 0.5993
1544 2    544 0.3869    632 0.2230    1 0.7048
1545 2    544 0.0000    544 0.1181    12 0.7594
1546 2    544 0.0000    544 0.1416    12 0.7439
1547 2    544 0.0000    544 0.1273    1 0.6231
1548 2    514 0.0000    514 0.1518    1 0.6832
1549 2    239 0.0000    239 0.1499    1 0.5377
1550 2    514 0.0000    514 0.0969    1 0.6108
1551 2    239 0.0000    239 0.1357    12 0.5208
1552 2    239 0.0000    239 0.1336    12 0.5664
1553 2    239 0.0000    239 0.1762    838 0.5386
1554 2    562 0.0000    562 0.1199    838 0.6160
1555 2    555 0.2644    562 0.2062    838 0.6441
1556 2    555 0.0000    555 0.1626    838 0.7040
1557 2    562 0.0000    562 0.1636    838 0.6564
1558 2    555 0.0000    555 0.1373    838 0.7139
1559 2    555 0.0000    555 0.1333    838 0.6433
1560 2    562 0.0000    562 0.1339    617 0.5824
1561 2    562 0.0000    562 0.1089    838 0.6613
1562 2    562 0.2576    555 0.2062    838 0.6312
1563 2    562 0.0000    562 0.1628    838 0.7024
1564 2    562 0.0000    562 0.1175    838 0.5990
1565 2    562 0.0000    562 0.1813    838 0.7072
1566 2    562 0.0000    562 0.1231    838 0.6833
1567 2    579 0.0000    579 0.1532    617 0.5783
1568 2    578 0.0000    578 0.1230    617 0.5526
1569 2    578 0.0000    578 0.1310    10 0.5966
1570 2    578 0.0000    578 0.1433    617 0.5603
1571 2    579 0.0000    579 0.1137    617 0.6406
1572 2    578 0.0000    578 0.1334    617 0.5761
1573 2    579 0.0000    579 0.1066    617 0.6108
1574 2    579 0.0000    579 0.1196    617 0.6520
1575 2    578 0.0000    578 0.1155    12 0.6060
1576 2    578 0.0000    578 0.1112    12 0.5607
1577 2    579 0.0000    579 0.1344    617 0.6101
1578 2    578 0.2172    239 0.2043    12 0.5655
1579 2    579 0.2387    505 0.2178    617 0.6203
1580 2    579 0.0000    579 0.1238    10 0.5645
1581 2    578 0.0000    578 0.1230    10 0.5640
1582 2    578 0.0000    578 0.0974    12 0.5603
1583 2    578 0.0000    578 0.1250    10 0.5283
1584 2    586 0.0000    586 0.1047    838 0.5809
1585 2    586 0.0000    586 0.1320    838 0.6232
1586 2    586 0.2801    505 0.2026    838 0.6383
1587 2    578 0.0000    578 0.1467    10 0.5294
1588 2    578 0.0000    578 0.1338    10 0.5358
1589 2    578 0.0000    578 0.1228    17 0.5204
1590 2    578 0.0000    578 0.1339    617 0.5609
1591 2    579 0.0000    579 0.1446    617 0.5446
1592 2    578 0.0000    578 0.1440    617 0.6028
1593 2    578 0.0000    578 0.1371    617 0.5742
1594 2    477 0.0000    477 0.1782    617 0.6618
1595 2    578 0.0000    578 0.0990    617 0.5783
1596 2    578 0.0000    578 0.1309    617 0.5702
1597 2    578 0.0000    578 0.1295    617 0.5628
1598 2    599 0.0000    599 0.1195    617 0.6105
1599 2    599 0.2262    337 0.2080    617 0.6613
1600 2    599 0.0000    599 0.1482    617 0.6366
1601 2    467 0.0000    467 0.1305    617 0.6016
1602 2    514 0.0000    514 0.1541    1 0.5544
1603 2    467 0.0000    467 0.1618    617 0.6551
1604 2    647 0.0000    647 0.1358    617 0.6226
1605 2    606 0.0000    606 0.1149    12 0.5671
1606 2    606 0.2570    647 0.2085    12 0.5476
1607 2    606 0.0000    606 0.1243    617 0.5677
1608 2    613 0.0000    613 0.1585    838 0.6035
1609 2    456 0.0000    456 0.1562    838 0.5554
1610 2    140 0.0000    140 0.1547    1 0.5541
1611 2    613 0.0000    613 0.1127    838 0.5796
1612 2    613 0.0000    613 0.0994    720 0.6437
1613 2    613 0.2705    620 0.2055    838 0.6226
1614 2    613 0.0000    613 0.1294    838 0.6707
1615 2    613 0.0000    613 0.0892    1 0.5977
1616 2    616 0.2986    613 0.2155    490 0.6923
1617 2    617 0.2691    616 0.2172    720 0.7869
1618 2    617 0.0000    617 0.1363    720 0.7235
1619 2    617 0.0000    617 0.1739    838 0.7688
1620 2    620 0.2621    613 0.2055    838 0.7190
1621 2    613 0.0000    613 0.1623    962 0.6411
1622 2    620 0.0000    620 0.1442    838 0.6797
1623 2    620 0.0000    620 0.1672    838 0.7608
1624 2    620 0.0000    620 0.1504    838 0.7065
1625 2    620 0.0000    620 0.0915    838 0.7158
1626 2    456 0.0000    456 0.1793    962 0.6088
1627 2    606 0.0000    606 0.1536    617 0.5557
1628 2    632 0.0000    632 0.1519    617 0.5764
1629 2    632 0.0000    632 0.1553    617 0.5918
1630 2    632 0.0000    632 0.1746    617 0.6022
1631 2    632 0.0000    632 0.1335    617 0.6537
1632 2    632 0.2306    647 0.2061    617 0.6653
1633 2    632 0.0000    632 0.1164    617 0.7016
1634 2    477 0.0000    477 0.1356    617 0.7020
1635 2    636 0.0000    636 0.1436    617 0.7274
1636 2    636 0.2313    337 0.2062    617 0.7502
1637 2    675 0.0000    675 0.1442    617 0.6616
1638 2    647 0.0000    647 0.1190    617 0.6248
1639 2    647 0.0000    647 0.1090    617 0.6492
1640 2    647 0.0000    647 0.1292    617 0.6342
1641 2    647 0.0000    647 0.1215    617 0.6625
1642 2    647 0.0000    647 0.1066    617 0.6564
1643 2    647 0.0000    647 0.1264    617 0.6220
1644 2    647 0.0000    647 0.0958    1 0.5389
1645 2    348 0.0000    348 0.1603    945 0.5741
1646 2    647 0.0000    647 0.1705    838 0.5370
1647 2    647 0.2232    194 0.2007    617 0.6004
1648 2    647 0.0000    647 0.1061    617 0.6464
1649 2    647 0.0000    647 0.1166    617 0.5953
1650 2    675 0.0000    675 0.1300    617 0.6379
1651 2    651 0.2196    478 0.2036    17 0.5694
1652 2    651 0.0000    651 0.1263    17 0.6415
1653 2    675 0.0000    675 0.1233    617 0.6919
1654 2    675 0.0000    675 0.1181    617 0.7337
1655 2    675 0.0000    675 0.1157    617 0.7202
1656 2    675 0.0000    675 0.1129    617 0.6854
1657 2    675 0.0000    675 0.1385    12 0.6663
1658 2    675 0.0000    675 0.1472    617 0.6475
1659 2    651 0.0000    651 0.1825    617 0.6240
1660 2    477 0.0000    477 0.1969    617 0.6593
1661 2    651 0.0000    651 0.1837    10 0.6383
1662 2    651 0.0000    651 0.1977    617 0.6555
1663 2    675 0.0000    675 0.1711    617 0.7416
1664 2    675 0.0000    675 0.1189    12 0.6855
1665 2    675 0.0000    675 0.1558    12 0.7293
1666 2    675 0.0000    675 0.1234    12 0.7182
1667 2    675 0.0000    675 0.1451    12 0.7106
1668 2    675 0.0000    675 0.1220    617 0.7246
1669 2    675 0.0000    675 0.0995    617 0.7171
1670 2    675 0.0000    675 0.1227    617 0.7416
1671 2    675 0.0000    675 0.0887    617 0.7095
1672 2    675 0.0000    675 0.1212    617 0.7427
1673 2    675 0.0000    675 0.0997    617 0.7032
1674 2    675 0.0000    675 0.1186    617 0.6640
1675 2    675 0.2244    478 0.2013    617 0.6821
1676 2    675 0.0000    675 0.1047    12 0.6974
1677 2    675 0.0000    675 0.1451    617 0.7150
1678 2    675 0.0000    675 0.1045    617 0.6930
1679 2    675 0.0000    675 0.1148    617 0.7047
1680 2    675 0.0000    675 0.0841    617 0.6758
1681 2    675 0.0000    675 0.0709    617 0.6932
1682 2    675 0.0000    675 0.1121    617 0.7125
1683 2    675 0.0000    675 0.0997    12 0.6835
1684 2    675 0.0000    675 0.1078    617 0.7034
1685 2    675 0.0000    675 0.1029    617 0.7023
1686 2    675 0.0000    675 0.1108    617 0.7149
1687 2    675 0.0000    675 0.1221    617 0.6786
1688 2    675 0.0000    675 0.1301    617 0.6740
1689 2    675 0.0000    675 0.1514    617 0.6524
1690 2    675 0.0000    675 0.1397    617 0.7231
1691 2    675 0.0000    675 0.1370    617 0.7087
1692 2    675 0.0000    675 0.1373    617 0.7381
1693 2    675 0.0000    675 0.1282    617 0.7341
1694 2    675 0.0000    675 0.0926    617 0.7021
1695 2    675 0.0000    675 0.1198    617 0.6615
1696 2    675 0.0000    675 0.1092    617 0.6984
1697 2    675 0.0000    675 0.0801    617 0.6952
1698 2    675 0.0000    675 0.1698    617 0.7216
1699 2    675 0.0000    675 0.1503    617 0.7212
1700 2    720 0.0000    720 0.1400    617 0.7381
1701 2    675 0.0000    675 0.1333    617 0.6851
1702 2    675 0.0000    675 0.1398    617 0.6738
1703 2    734 0.0000    734 0.1548    617 0.6916
1704 2    675 0.0000    675 0.1453    617 0.6651
1705 2    675 0.0000    675 0.1529    617 0.6703
1706 2    675 0.0000    675 0.1381    617 0.6636
1707 2    675 0.0000    675 0.1266    617 0.6868
1708 2    675 0.0000    675 0.1246    617 0.6993
1709 2    675 0.0000    675 0.1378    617 0.7095
1710 2    675 0.0000    675 0.1378    617 0.6785
1711 2    734 0.0000    734 0.1514    12 0.6764
1712 2    734 0.0000    734 0.1468    617 0.6970
1713 2    675 0.0000    675 0.1248    12 0.6844
1714 2    734 0.0000    734 0.1497    617 0.7012
1715 2    734 0.0000    734 0.1836    617 0.7623
1716 2    675 0.0000    675 0.1285    617 0.6849
1717 2    720 0.0000    720 0.1097    617 0.7454
1718 2    675 0.0000    675 0.1717    617 0.6665
1719 2    720 0.0000    720 0.1665    617 0.7291
1720 2    720 0.2336    981 0.2031    617 0.7869
1721 2    720 0.0000    720 0.1535    617 0.7879
1722 2    720 0.0000    720 0.1752    617 0.7576
1723 2    734 0.0000    734 0.1273    617 0.6614
1724 2    863 0.0000    863 0.1704    617 0.7135
1725 2    734 0.0000    734 0.1749    617 0.6650
1726 2    863 0.0000    863 0.1407    617 0.7350
1727 2    863 0.0000    863 0.1116    617 0.7219
1728 2    863 0.0000    863 0.1544    617 0.7138
1729 2    863 0.0000    863 0.1232    617 0.7411
1730 2    863 0.0000    863 0.1184    617 0.7324
1731 2    863 0.0000    863 0.1165    617 0.7240
1732 2    863 0.0000    863 0.1462    617 0.7471
1733 2    734 0.0000    734 0.1381    617 0.7249
1734 2    734 0.2261    863 0.2044    617 0.6675
1735 2    734 0.0000    734 0.0883    617 0.6852
1736 2    740 0.0000    740 0.1271    617 0.5615
1737 2    780 0.0000    780 0.1922    10 0.5630
1738 2    740 0.0000    740 0.1789    17 0.5359
1739 2    740 0.0000    740 0.1314    10 0.5242
1740 2    740 0.2237    780 0.2004    1 0.5570
1741 2    740 0.0000    740 0.1006    1 0.5398
1742 2    740 0.0000    740 0.1172    10 0.5279
1743 2    780 0.0000    780 0.1580    617 0.6749
1744 2    734 0.0000    734 0.1772    617 0.6404
1745 2    740 0.0000    740 0.1335    1 0.5673
1746 2    770 0.0000    770 0.1240    1 0.6113
1747 2    770 0.0000    770 0.1579    17 0.5486
1748 2    740 0.0000    740 0.1373    1 0.5724
1749 2    770 0.0000    770 0.1758    1 0.5456
1750 2    780 0.0000    780 0.1421    17 0.5724
1751 2    763 0.0000    763 0.1571    1 0.6103
1752 2    763 0.0000    763 0.1111    1 0.6591
1753 2    763 0.0000    763 0.1240    1 0.6610
1754 2    780 0.0000    780 0.1542    17 0.5955
1755 2    770 0.0000    770 0.1709    56 0.5804
1756 2    763 0.0000    763 0.0899    1 0.6474
1757 2    763 0.0000    763 0.1158    1 0.6246
1758 2    770 0.0000    770 0.0997    1 0.6169
1759 2    770 0.0000    770 0.1034    1 0.6557
1760 2    763 0.0000    763 0.1042    1 0.6810
1761 2    770 0.0000    770 0.1191    1 0.6374
1762 2    770 0.0000    770 0.1137    1 0.6310
1763 2    763 0.2280    780 0.2024    1 0.6730
1764 2    763 0.0000    763 0.0896    1 0.6623
1765 2    770 0.0000    770 0.1392    1 0.5750
1766 2    770 0.0000    770 0.1316    1 0.5874
1767 2    770 0.0000    770 0.1239    490 0.5896
1768 2    770 0.0000    770 0.1401    1 0.5806
1769 2    770 0.0000    770 0.1116    1 0.6107
1770 2    770 0.2412    763 0.2028    1 0.6180
1771 2    763 0.0000    763 0.1057    1 0.6396
1772 2    770 0.0000    770 0.1411    1 0.6271
1773 2    770 0.0000    770 0.0948    1 0.6147
1774 2    763 0.0000    763 0.0767    1 0.6530
1775 2    763 0.0000    763 0.1210    1 0.6761
1776 2    763 0.0000    763 0.1199    1 0.6866
1777 2    763 0.0000    763 0.1488    1 0.7009
1778 2    763 0.0000    763 0.1152    1 0.6738
1779 2    763 0.0000    763 0.1125    617 0.6323
1780 2    780 0.2381    740 0.2004    617 0.6209
1781 2    740 0.0000    740 0.1183    1 0.5967
1782 2    734 0.0000    734 0.1129    617 0.6727
1783 2    734 0.0000    734 0.1076    617 0.6680
1784 2    734 0.0000    734 0.1289    1 0.6635
1785 2    734 0.0000    734 0.1307    1 0.6505
1786 2    734 0.0000    734 0.1242    1 0.6596
1787 2    843 0.0000    843 0.1675    1 0.6580
1788 2    843 0.0000    843 0.1439    617 0.7217
1789 2    843 0.0000    843 0.1469    617 0.6876
1790 2    843 0.0000    843 0.1594    617 0.6704
1791 2    843 0.0000    843 0.1486    617 0.6817
1792 2    740 0.0000    740 0.1869    1 0.6598
1793 2    740 0.0000    740 0.1493    1 0.6366
1794 2    763 0.0000    763 0.1566    1 0.6904
1795 2    734 0.0000    734 0.1630    617 0.7207
1796 2    763 0.0000    763 0.1613    617 0.6481
1797 2    734 0.0000    734 0.1639    617 0.6874
1798 2    838 0.0000    838 0.1473    617 0.7068
1799 2    843 0.0000    843 0.1362    617 0.6989
1800 2    838 0.0000    838 0.1459    617 0.7386
1801 2    843 0.0000    843 0.1282    617 0.7197
1802 2    843 0.0000    843 0.1204    1 0.7609
1803 2    838 0.0000    838 0.1413    1 0.7289
1804 2    838 0.0000    838 0.1011    1 0.7704
1805 2    838 0.0000    838 0.1544    617 0.7667
1806 2    838 0.0000    838 0.1240    1 0.7436
1807 2    838 0.0000    838 0.1047    1 0.7354
1808 2    734 0.0000    734 0.1572    1 0.7015
1809 2    763 0.0000    763 0.1180    1 0.6868
1810 2    763 0.0000    763 0.1213    1 0.7257
1811 2    763 0.0000    763 0.1149    1 0.6714
1812 2    763 0.0000    763 0.1266    1 0.6425
1813 2    763 0.0000    763 0.1196    1 0.6931
1814 2    763 0.0000    763 0.1414    1 0.6941
1815 2    763 0.0000    763 0.1722    1 0.6878
1816 2    843 0.0000    843 0.1570    1 0.7024
1817 2    734 0.0000    734 0.1554    1 0.7026
1818 2    734 0.0000    734 0.1505    617 0.7035
1819 2    763 0.0000    763 0.1192    1 0.7018
1820 2    763 0.0000    763 0.1354    1 0.7112
1821 2    763 0.0000    763 0.1474    1 0.7145
1822 2    763 0.0000    763 0.1273    1 0.6935
1823 2    843 0.0000    843 0.1629    1 0.6658
1824 2    838 0.0000    838 0.1261    1 0.7170
1825 2    843 0.0000    843 0.1393    617 0.7251
1826 2    838 0.0000    838 0.0651    1 0.7535
1827 2    838 0.0000    838 0.1408    1 0.7378
1828 2    838 0.0000    838 0.1178    1 0.7187
1829 2    838 0.0000    838 0.0796    1 0.7618
1830 2    838 0.0000    838 0.1258    1 0.7200
1831 2    763 0.0000    763 0.1372    1 0.7020
1832 2    838 0.0000    838 0.1453    1 0.7360
1833 2    838 0.0000    838 0.1440    1 0.7265
1834 2    838 0.0000    838 0.1158    1 0.7634
1835 2    838 0.0000    838 0.1164    1 0.7519
1836 2    838 0.0000    838 0.1136    1 0.7601
1837 2    838 0.0000    838 0.0975    617 0.8096
1838 2    838 0.3252    843 0.2024    617 0.7868
1839 2    843 0.0000    843 0.0864    617 0.7768
1840 2    843 0.0000    843 0.0808    617 0.7642
1841 2    843 0.0000    843 0.0995    1 0.7276
1842 2    843 0.0000    843 0.0925    1 0.7422
1843 2    843 0.4064    838 0.2024    617 0.7485
1844 2    843 0.0000    843 0.1439    617 0.7470
1845 2    838 0.0000    838 0.1702    617 0.7509
1846 2    734 0.0000    734 0.1383    617 0.6881
1847 2    740 0.0000    740 0.1576    617 0.6035
1848 2    870 0.0000    870 0.1507    617 0.5772
1849 2    870 0.0000    870 0.1264    617 0.6273
1850 2    734 0.0000    734 0.1583    617 0.6389
1851 2    734 0.0000    734 0.1526    617 0.6374
1852 2    863 0.0000    863 0.0944    617 0.7211
1853 2    863 0.0000    863 0.0748    617 0.7395
1854 2    863 0.0000    863 0.0826    617 0.7261
1855 2    863 0.0000    863 0.1285    617 0.7481
1856 2    863 0.0000    863 0.1151    617 0.7386
1857 2    863 0.0000    863 0.0997    617 0.7393
1858 2    863 0.0000    863 0.0914    617 0.7257
1859 2    863 0.0000    863 0.1005    617 0.7009
1860 2    863 0.0000    863 0.1148    617 0.6766
1861 2    863 0.0000    863 0.0975    617 0.7508
1862 2    863 0.0000    863 0.0737    617 0.7290
1863 2    863 0.2426    981 0.2010    617 0.7380
1864 2    863 0.0000    863 0.1132    617 0.6858
1865 2    863 0.0000    863 0.1137    617 0.6981
1866 2    863 0.0000    863 0.1029    617 0.7015
1867 2    870 0.0000    870 0.1561    617 0.6149
1868 2    863 0.0000    863 0.1282    617 0.6625
1869 2    870 0.0000    870 0.1449    617 0.6725
1870 2    870 0.2511    883 0.2005    617 0.6136
1871 2    870 0.0000    870 0.1344    617 0.5844
1872 2    870 0.0000    870 0.1388    617 0.6393
1873 2    870 0.0000    870 0.0711    617 0.6068
1874 2    870 0.0000    870 0.0978    617 0.6269
1875 2    883 0.0000    883 0.0940    10 0.5176
1876 2    879 0.0000    879 0.1242    617 0.6006
1877 2    879 0.0000    879 0.1612    617 0.6362
1878 2    879 0.0000    879 0.1525    617 0.5905
1879 2    879 0.2462    870 0.2217    10 0.6186
1880 2    936 0.0000    936 0.1563    10 0.5983
1881 2    879 0.0000    879 0.1286    617 0.6394
1882 2    870 0.0000    870 0.1111    617 0.6051
1883 2    883 0.2360    892 0.2001    1 0.5086
1884 2    884 0.2868    889 0.2055    490 0.5338
1885 2    884 0.0000    884 0.1200    490 0.6098
1886 2    884 0.0000    884 0.1690    10 0.5605
1887 2    889 0.0000    889 0.1031    490 0.6628
1888 2    889 0.0000    889 0.0977    490 0.6794
1889 2    889 0.2781    884 0.2055    490 0.6783
1890 2    892 0.0000    892 0.1525    490 0.6383
1891 2    892 0.0000    892 0.0982    490 0.5831
1892 2    892 0.2269    883 0.2001    490 0.5768
1893 2    892 0.0000    892 0.1052    490 0.5378
1894 2    892 0.0000    892 0.1656    490 0.5743
1895 2    892 0.0000    892 0.1517    490 0.5879
1896 2    883 0.0000    883 0.1300    490 0.5487
1897 2    892 0.0000    892 0.1359    490 0.5885
1898 2    892 0.0000    892 0.1299    490 0.5551
1899 2    892 0.0000    892 0.0838    490 0.5717
1900 2    883 0.0000    883 0.1287    490 0.5225
1901 2    883 0.0000    883 0.1748    1 0.5626
1902 2    863 0.0000    863 0.1235    617 0.6951
1903 2    879 0.0000    879 0.1562    617 0.6227
1904 2    734 0.0000    734 0.1619    617 0.6287
1905 2    870 0.0000    870 0.1407    617 0.6300
1906 2    863 0.0000    863 0.1368    617 0.6971
1907 2    863 0.0000    863 0.1388    617 0.6776
1908 2    942 0.0000    942 0.1513    617 0.6852
1909 2    942 0.0000    942 0.1313    617 0.6694
1910 2    942 0.0000    942 0.1285    617 0.6452
1911 2    942 0.0000    942 0.1616    617 0.6642
1912 2    942 0.0000    942 0.1392    617 0.6855
1913 2    942 0.0000    942 0.1161    617 0.6368
1914 2    921 0.0000    921 0.1306    617 0.6753
1915 2    942 0.0000    942 0.1393    617 0.6494
1916 2    921 0.0000    921 0.1231    617 0.6756
1917 2    921 0.0000    921 0.1145    617 0.7397
1918 2    921 0.0000    921 0.1312    617 0.6956
1919 2    921 0.0000    921 0.0746    617 0.7198
1920 2    921 0.0000    921 0.0946    617 0.7413
1921 2    921 0.2275    734 0.2075    617 0.7308
1922 2    921 0.0000    921 0.1472    617 0.7194
1923 2    863 0.0000    863 0.1853    617 0.6940
1924 2    863 0.0000    863 0.1579    617 0.7191
1925 2    942 0.0000    942 0.1499    617 0.7064
1926 2    921 0.0000    921 0.1352    617 0.6743
1927 2    921 0.0000    921 0.1260    617 0.7084
1928 2    921 0.0000    921 0.1249    617 0.7098
1929 2    921 0.0000    921 0.1353    617 0.7344
1930 2    942 0.0000    942 0.1184    617 0.6863
1931 2    942 0.0000    942 0.1458    617 0.5845
1932 2    942 0.0000    942 0.1152    617 0.6591
1933 2    942 0.0000    942 0.1409    617 0.6398
1934 2    942 0.0000    942 0.1279    617 0.6391
1935 2    942 0.0000    942 0.1495    617 0.6875
1936 2    936 0.2547    942 0.2062    617 0.5509
1937 2    942 0.0000    942 0.1216    617 0.6246
1938 2    936 0.0000    936 0.1384    617 0.5916
1939 2    942 0.0000    942 0.1299    617 0.6800
1940 2    942 0.0000    942 0.1267    617 0.6958
1941 2    981 0.0000    981 0.1431    617 0.7430
1942 2    942 0.2360    936 0.2062    617 0.6630
1943 2    942 0.0000    942 0.1332    617 0.7105
1944 2    936 0.0000    936 0.1510    617 0.6361
1945 2    945 0.4131    981 0.2574    617 0.7628
1946 2    945 0.0000    945 0.1100    617 0.7838
1947 2    945 0.0000    945 0.1081    617 0.7851
1948 2    942 0.0000    942 0.1595    617 0.7041
1949 2    981 0.0000    981 0.1138    617 0.7874
1950 2    962 0.0000    962 0.1015    617 0.7605
1951 2    962 0.0000    962 0.0925    617 0.7892
1952 2    962 0.0000    962 0.1176    617 0.7782
1953 2    962 0.0000    962 0.1428    617 0.8306
1954 2    962 0.0000    962 0.0989    617 0.7833
1955 2    962 0.0000    962 0.1131    617 0.8197
1956 2    962 0.0000    962 0.1027    617 0.7914
1957 2    962 0.0000    962 0.0906    617 0.7907
1958 2    981 0.0000    981 0.1333    617 0.8023
1959 2    962 0.0000    962 0.1157    617 0.7966
1960 2    962 0.0000    962 0.1426    617 0.7372
1961 2    962 0.0000    962 0.1355    617 0.7582
1962 2    962 0.4249    981 0.2005    617 0.7644
1963 2    962 0.0000    962 0.1152    617 0.7337
1964 2    981 0.0000    981 0.1246    617 0.7773
1965 2    962 0.0000    962 0.1127    617 0.7745
1966 2    962 0.0000    962 0.1197    617 0.7115
1967 2    981 0.0000    981 0.1247    617 0.7348
1968 2    962 0.0000    962 0.1162    617 0.7537
1969 2    962 0.0000    962 0.1375    617 0.7406
1970 2    981 0.0000    981 0.1262    617 0.8041
1971 2    981 0.0000    981 0.1030    617 0.7760
1972 2    981 0.0000    981 0.1064    617 0.7731
1973 2    981 0.0000    981 0.1160    617 0.7984
1974 2    981 0.0000    981 0.1178    617 0.7925
1975 2    981 0.0000    981 0.1107    617 0.7657
1976 2    981 0.0000    981 0.1363    617 0.8061
1977 2    981 0.0000    981 0.1200    617 0.7722
1978 2    981 0.0000    981 0.1149    617 0.7723
1979 2    981 0.0000    981 0.0880    617 0.7535
1980 2    981 0.0000    981 0.1178    617 0.7486
1981 2    981 0.2281    962 0.2005    617 0.7453
1982 2    981 0.0000    981 0.1502    617 0.7879
1983 2    981 0.0000    981 0.1010    617 0.7633
1984 2    981 0.0000    981 0.0840    617 0.7357
1985 2    981 0.0000    981 0.1248    617 0.7795
1986 2    981 0.0000    981 0.1522    617 0.7805
1987 2    981 0.0000    981 0.0970    617 0.7680
1988 2    981 0.0000    981 0.1456    617 0.6906
1989 2    981 0.0000    981 0.0946    617 0.7230
1990 2    981 0.0000    981 0.1148    617 0.7111
1991 2    981 0.0000    981 0.1491    617 0.6591
1992 2    981 0.0000    981 0.1838    617 0.6598
1993 2    981 0.0000    981 0.1354    617 0.6916
1994 2    981 0.0000    981 0.1106    617 0.7629
1995 2    981 0.0000    981 0.1247    617 0.7883
1996 2    981 0.0000    981 0.1046    617 0.7971
1997 2    981 0.0000    981 0.1404    617 0.7965
1998 2    981 0.0000    981 0.1245    617 0.7487
1999 2    981 0.0000    981 0.1331    617 0.7136
2000 2    981 0.0000    981 0.1200    617 0.7651
2001 2    981 0.0000    981 0.1801    617 0.8071
