# This File stores the ClusterProfile/Centers using >>ClosestCenters<< of the given TrajNameList
# elapsed time: 0.04 seconds
# Threshold = 0.55
# TrajNameList = ['V3_Gromacs1_stripped', 'V3_Gromacs2_stripped']
# TrjLenList = [1001, 1001]
# updated TrjLenList = [1001, 1001]
# TimeStep = 0.1
# StartFrame = 0
# EndingFrame = 1001
# *******
# LOCAL PROFILE: Radius = 0.55
# *******
# 
#                |                       Radius = 0.55                            |
#                |  eff Clust     |    next Center   |     farthest Center      |
# Frame | TrajNr | PROF | effRMSD | nextC | nextRMSD | farthestC | farthestRMSD |
#                           
0 1    1 0.0000    455 0.5503    999 0.5819
1 1    1 0.0000    1 0.1474    999 0.5566
2 1    1 0.0000    1 0.3287    455 0.5423
3 1    1 0.0000    1 0.3283    455 0.5827
4 1    1 0.0000    1 0.2266    455 0.6431
5 1    1 0.0000    1 0.1787    455 0.5976
6 1    1 0.0000    1 0.2307    455 0.5669
7 1    1 0.0000    1 0.4370    455 0.5378
8 1    1 0.0000    1 0.4239    455 0.5189
9 1    1 0.0000    1 0.3578    455 0.5825
10 1    1 0.0000    1 0.3362    455 0.5846
11 1    1 0.0000    1 0.4088    455 0.5783
12 1    1 0.0000    1 0.3832    455 0.6313
13 1    1 0.0000    1 0.3590    455 0.6145
14 1    1 0.0000    1 0.3014    455 0.6499
15 1    1 0.0000    1 0.2855    455 0.5304
16 1    1 0.0000    1 0.3338    455 0.5529
17 1    1 0.0000    1 0.2075    999 0.5563
18 1    1 0.0000    1 0.2648    455 0.5918
19 1    1 0.0000    1 0.2436    455 0.5498
20 1    1 0.0000    1 0.3305    999 0.6260
21 1    1 0.0000    1 0.2466    455 0.6046
22 1    1 0.0000    1 0.2119    455 0.6123
23 1    1 0.0000    1 0.2386    455 0.6059
24 1    1 0.0000    1 0.2816    455 0.6456
25 1    1 0.0000    1 0.3319    455 0.6859
26 1    1 0.0000    1 0.3325    455 0.7039
27 1    1 0.0000    1 0.3295    455 0.6377
28 1    1 0.0000    1 0.3733    455 0.6649
29 1    1 0.0000    1 0.3175    455 0.6436
30 1    1 0.0000    1 0.3859    455 0.6714
31 1    1 0.0000    1 0.4333    455 0.6960
32 1    1 0.0000    1 0.4048    455 0.6773
33 1    1 0.0000    1 0.3944    455 0.6695
34 1    1 0.0000    1 0.4404    455 0.7111
35 1    999 0.0000    999 0.4486    455 0.5971
36 1    1 0.0000    1 0.3525    455 0.6262
37 1    1 0.0000    1 0.3689    455 0.6082
38 1    1 0.0000    1 0.3785    455 0.5994
39 1    1 0.0000    1 0.3098    455 0.6380
40 1    1 0.0000    1 0.3517    455 0.7075
41 1    1 0.0000    1 0.2941    455 0.6756
42 1    1 0.0000    1 0.3482    455 0.5748
43 1    1 0.0000    1 0.2927    455 0.6350
44 1    1 0.0000    1 0.2495    455 0.6391
45 1    1 0.0000    1 0.2359    455 0.6193
46 1    1 0.0000    1 0.3393    455 0.6868
47 1    1 0.0000    1 0.2801    455 0.6585
48 1    1 0.0000    1 0.3784    455 0.6873
49 1    1 0.0000    1 0.2604    455 0.6305
50 1    1 0.0000    1 0.2650    455 0.6375
51 1    1 0.0000    1 0.3512    455 0.6013
52 1    1 0.0000    1 0.4216    455 0.6512
53 1    1 0.0000    1 0.3856    455 0.6533
54 1    1 0.0000    1 0.3382    455 0.6527
55 1    1 0.0000    1 0.3616    455 0.6322
56 1    1 0.0000    1 0.4180    455 0.6385
57 1    1 0.0000    1 0.3894    999 0.5922
58 1    1 0.0000    1 0.3469    455 0.6478
59 1    1 0.0000    1 0.3671    455 0.6642
60 1    1 0.0000    1 0.2763    455 0.6327
61 1    1 0.0000    1 0.3343    999 0.6038
62 1    1 0.0000    1 0.3520    455 0.6182
63 1    1 0.0000    1 0.2555    455 0.6234
64 1    1 0.0000    1 0.2414    455 0.6202
65 1    1 0.0000    1 0.2356    455 0.6294
66 1    1 0.0000    1 0.2414    455 0.5882
67 1    1 0.0000    1 0.2820    455 0.6181
68 1    1 0.0000    1 0.2788    455 0.6353
69 1    1 0.0000    1 0.3209    455 0.6660
70 1    1 0.0000    1 0.3362    455 0.6211
71 1    1 0.0000    1 0.2326    455 0.6023
72 1    1 0.0000    1 0.2864    455 0.5748
73 1    1 0.0000    1 0.2728    455 0.5827
74 1    1 0.0000    1 0.2717    455 0.5434
75 1    1 0.0000    1 0.2185    455 0.6030
76 1    1 0.0000    1 0.2709    455 0.6048
77 1    1 0.0000    1 0.2652    455 0.5592
78 1    1 0.0000    1 0.2606    455 0.6000
79 1    1 0.0000    1 0.3542    999 0.6320
80 1    1 0.0000    1 0.3014    455 0.6444
81 1    1 0.0000    1 0.2738    455 0.6373
82 1    1 0.0000    1 0.2407    455 0.6339
83 1    1 0.0000    1 0.2813    999 0.5821
84 1    1 0.0000    1 0.2681    455 0.6585
85 1    1 0.0000    1 0.3059    455 0.6567
86 1    1 0.0000    1 0.2819    455 0.6235
87 1    1 0.0000    1 0.2533    455 0.5955
88 1    1 0.0000    1 0.3783    455 0.6215
89 1    1 0.0000    1 0.4370    455 0.6496
90 1    1 0.0000    1 0.3394    455 0.6343
91 1    1 0.0000    1 0.2207    455 0.6415
92 1    1 0.0000    1 0.2380    455 0.6072
93 1    1 0.0000    1 0.2790    999 0.5221
94 1    1 0.0000    1 0.2520    455 0.6019
95 1    1 0.0000    1 0.2434    455 0.6166
96 1    1 0.0000    1 0.3043    455 0.6602
97 1    1 0.0000    1 0.3218    455 0.6836
98 1    1 0.0000    1 0.2605    455 0.5375
99 1    1 0.0000    1 0.2152    455 0.6380
100 1    1 0.0000    1 0.3002    455 0.6404
101 1    1 0.0000    1 0.2980    455 0.6080
102 1    1 0.0000    1 0.2532    455 0.6107
103 1    1 0.0000    1 0.2777    455 0.5968
104 1    1 0.0000    1 0.2947    455 0.6240
105 1    1 0.0000    1 0.2418    455 0.5917
106 1    1 0.0000    1 0.2235    455 0.6017
107 1    1 0.0000    1 0.3147    455 0.6434
108 1    1 0.0000    1 0.3207    455 0.6061
109 1    1 0.0000    1 0.2979    455 0.6307
110 1    1 0.0000    1 0.2865    455 0.6027
111 1    1 0.0000    1 0.2508    455 0.6232
112 1    1 0.0000    1 0.2500    455 0.6458
113 1    1 0.0000    1 0.3054    455 0.6173
114 1    1 0.0000    1 0.2959    455 0.6136
115 1    1 0.0000    1 0.2934    455 0.6345
116 1    1 0.0000    1 0.2849    455 0.5965
117 1    1 0.0000    1 0.3423    455 0.6102
118 1    1 0.0000    1 0.2680    455 0.6082
119 1    1 0.0000    1 0.2917    455 0.6372
120 1    1 0.0000    1 0.2966    455 0.6590
121 1    1 0.0000    1 0.2545    455 0.5802
122 1    1 0.0000    1 0.3094    455 0.6436
123 1    1 0.0000    1 0.3802    455 0.6350
124 1    1 0.0000    1 0.3426    455 0.6456
125 1    1 0.0000    1 0.3380    999 0.6101
126 1    1 0.0000    1 0.2682    455 0.5864
127 1    1 0.0000    1 0.3005    455 0.6232
128 1    1 0.0000    1 0.2779    455 0.6248
129 1    1 0.0000    1 0.2739    455 0.5866
130 1    1 0.0000    1 0.3067    999 0.6037
131 1    1 0.0000    1 0.3208    455 0.5724
132 1    1 0.0000    1 0.2703    455 0.5934
133 1    1 0.0000    1 0.2928    455 0.5939
134 1    1 0.0000    1 0.2702    455 0.6409
135 1    1 0.0000    1 0.2559    999 0.6097
136 1    1 0.0000    1 0.2407    455 0.6120
137 1    1 0.0000    1 0.2465    455 0.5796
138 1    1 0.0000    1 0.2215    455 0.6071
139 1    1 0.0000    1 0.3056    455 0.5751
140 1    1 0.0000    1 0.2088    999 0.5657
141 1    1 0.0000    1 0.3060    455 0.6279
142 1    1 0.0000    1 0.2484    455 0.5465
143 1    1 0.0000    1 0.2262    455 0.5840
144 1    1 0.0000    1 0.2969    455 0.5821
145 1    1 0.0000    1 0.2631    455 0.6169
146 1    1 0.0000    1 0.2617    455 0.6151
147 1    1 0.0000    1 0.2819    455 0.5852
148 1    1 0.0000    1 0.3146    999 0.6053
149 1    1 0.0000    1 0.3130    455 0.6226
150 1    1 0.0000    1 0.3042    455 0.6041
151 1    1 0.0000    1 0.2726    999 0.5844
152 1    1 0.0000    1 0.2828    455 0.5805
153 1    1 0.0000    1 0.3111    455 0.5787
154 1    1 0.0000    1 0.3200    455 0.5966
155 1    1 0.0000    1 0.2767    999 0.5702
156 1    1 0.0000    1 0.3031    999 0.5573
157 1    1 0.0000    1 0.2670    999 0.5676
158 1    1 0.0000    1 0.2908    999 0.5359
159 1    1 0.0000    1 0.2699    999 0.5678
160 1    1 0.0000    1 0.2724    455 0.5368
161 1    1 0.0000    1 0.2592    455 0.5704
162 1    1 0.0000    1 0.3233    455 0.5776
163 1    1 0.0000    1 0.2701    455 0.5570
164 1    1 0.0000    1 0.2464    999 0.5684
165 1    1 0.0000    1 0.3092    455 0.5856
166 1    1 0.0000    1 0.2652    455 0.5501
167 1    1 0.0000    1 0.2514    455 0.5860
168 1    1 0.0000    1 0.2974    455 0.5783
169 1    1 0.0000    1 0.2931    455 0.5948
170 1    1 0.0000    1 0.2844    455 0.6069
171 1    1 0.0000    1 0.2979    999 0.5848
172 1    1 0.0000    1 0.3895    999 0.5394
173 1    1 0.0000    1 0.3713    999 0.5781
174 1    1 0.0000    1 0.5446    455 0.6215
175 1    1 0.0000    1 0.5383    999 0.6058
176 1    1 0.0000    1 0.5042    999 0.6444
177 1    1 0.0000    1 0.5270    999 0.6266
178 1    1 0.0000    1 0.4566    999 0.6109
179 1    1 0.0000    1 0.4497    999 0.6195
180 1    1 0.0000    1 0.5185    999 0.6441
181 1    1 0.0000    1 0.4300    999 0.5647
182 1    1 0.0000    1 0.3362    999 0.5368
183 1    1 0.0000    1 0.3904    999 0.5487
184 1    1 0.0000    1 0.4065    455 0.5224
185 1    1 0.0000    1 0.4382    999 0.5730
186 1    1 0.0000    1 0.4217    999 0.5712
187 1    1 0.0000    1 0.5094    999 0.6654
188 1    1 0.0000    1 0.5101    999 0.6307
189 1    1 0.0000    1 0.3164    999 0.5598
190 1    1 0.0000    1 0.3220    455 0.5815
191 1    1 0.0000    1 0.4028    999 0.5810
192 1    1 0.0000    1 0.3964    455 0.5723
193 1    1 0.0000    1 0.4944    455 0.6323
194 1    1 0.0000    1 0.3667    999 0.5457
195 1    1 0.0000    1 0.3618    999 0.5393
196 1    1 0.0000    1 0.3695    999 0.5261
197 1    1 0.0000    1 0.4053    999 0.5611
198 1    1 0.0000    1 0.4052    999 0.5979
199 1    1 0.0000    1 0.3979    999 0.5817
200 1    1 0.0000    1 0.3468    999 0.5965
201 1    1 0.0000    1 0.2705    999 0.5578
202 1    1 0.0000    1 0.3257    999 0.5923
203 1    1 0.0000    1 0.4456    999 0.6036
204 1    1 0.0000    1 0.4167    999 0.5368
205 1    1 0.0000    1 0.3909    999 0.5658
206 1    1 0.0000    1 0.2546    999 0.5695
207 1    1 0.0000    1 0.3775    999 0.6208
208 1    455 0.0000    455 0.4100    999 0.5833
209 1    1 0.0000    1 0.4109    999 0.6176
210 1    1 0.0000    1 0.4029    999 0.5944
211 1    1 0.0000    1 0.3514    999 0.5683
212 1    1 0.0000    1 0.4395    999 0.6321
213 1    1 0.0000    1 0.4346    999 0.6308
214 1    1 0.0000    1 0.4673    999 0.5974
215 1    1 0.0000    1 0.3608    999 0.5627
216 1    1 0.0000    1 0.3604    999 0.5889
217 1    1 0.0000    1 0.4138    999 0.5993
218 1    1 0.0000    1 0.3768    999 0.6323
219 1    1 0.0000    1 0.4155    999 0.5992
220 1    1 0.0000    1 0.3759    999 0.5721
221 1    1 0.0000    1 0.3739    999 0.5542
222 1    1 0.0000    1 0.3863    455 0.5655
223 1    1 0.0000    1 0.3901    999 0.5657
224 1    1 0.0000    1 0.3548    999 0.5813
225 1    1 0.0000    1 0.3456    999 0.6119
226 1    1 0.0000    1 0.3554    999 0.5299
227 1    1 0.0000    1 0.3434    999 0.5662
228 1    1 0.0000    1 0.4009    999 0.5821
229 1    1 0.0000    1 0.3744    999 0.5739
230 1    1 0.0000    1 0.4439    999 0.5990
231 1    1 0.0000    1 0.4026    455 0.5985
232 1    1 0.0000    1 0.3807    999 0.5488
233 1    1 0.0000    1 0.3449    455 0.5260
234 1    1 0.0000    1 0.3279    455 0.5630
235 1    1 0.0000    1 0.3587    999 0.5320
236 1    1 0.0000    1 0.4000    455 0.5684
237 1    1 0.0000    1 0.3446    455 0.5800
238 1    999 0.0000    999 0.3827    455 0.6210
239 1    1 0.0000    1 0.4179    455 0.6710
240 1    1 0.0000    1 0.3847    455 0.6466
241 1    1 0.0000    1 0.3630    455 0.6301
242 1    1 0.0000    1 0.3542    455 0.6178
243 1    1 0.0000    1 0.3675    455 0.6242
244 1    1 0.0000    1 0.3983    455 0.5948
245 1    1 0.0000    1 0.4131    455 0.5525
246 1    999 0.0000    999 0.4127    455 0.5949
247 1    999 0.0000    999 0.4102    455 0.5684
248 1    1 0.0000    1 0.4059    999 0.5324
249 1    1 0.0000    1 0.4234    999 0.5135
250 1    1 0.0000    1 0.4305    999 0.5444
251 1    1 0.0000    1 0.3767    455 0.5733
252 1    1 0.0000    1 0.3454    455 0.5341
253 1    1 0.0000    1 0.3599    455 0.5664
254 1    1 0.0000    1 0.3147    455 0.5427
255 1    1 0.0000    1 0.3073    455 0.5205
256 1    1 0.0000    1 0.2957    455 0.5237
257 1    1 0.0000    1 0.3088    455 0.6020
258 1    1 0.0000    1 0.2974    455 0.4921
259 1    1 0.0000    1 0.2743    455 0.5591
260 1    1 0.0000    1 0.3374    455 0.6557
261 1    1 0.0000    1 0.3098    455 0.5394
262 1    1 0.0000    1 0.3730    455 0.5968
263 1    1 0.0000    1 0.4106    455 0.4717
264 1    1 0.0000    1 0.4020    999 0.4191
265 1    455 0.0000    455 0.3864    1 0.4681
266 1    455 0.0000    455 0.3297    1 0.4149
267 1    455 0.0000    455 0.3395    999 0.4242
268 1    999 0.0000    999 0.3862    455 0.4378
269 1    999 0.0000    999 0.3789    455 0.5750
270 1    999 0.0000    999 0.3303    455 0.4504
271 1    455 0.0000    455 0.2581    999 0.4952
272 1    455 0.0000    455 0.3768    1 0.4141
273 1    999 0.0000    999 0.3810    1 0.4123
274 1    1 0.0000    1 0.4072    999 0.4431
275 1    999 0.0000    999 0.3730    455 0.4591
276 1    999 0.0000    999 0.3834    1 0.4942
277 1    455 0.0000    455 0.3696    1 0.4220
278 1    455 0.0000    455 0.3443    1 0.4571
279 1    1 0.0000    1 0.3967    455 0.4541
280 1    1 0.0000    1 0.3602    999 0.4641
281 1    455 0.0000    455 0.3915    999 0.4169
282 1    455 0.0000    455 0.2916    999 0.4616
283 1    455 0.0000    455 0.3087    999 0.4766
284 1    1 0.0000    1 0.3684    455 0.4151
285 1    1 0.0000    1 0.3772    455 0.4308
286 1    1 0.0000    1 0.3753    999 0.4150
287 1    1 0.0000    1 0.3823    455 0.3955
288 1    1 0.0000    1 0.3641    999 0.4084
289 1    999 0.0000    999 0.3590    1 0.4199
290 1    455 0.0000    455 0.2667    1 0.4749
291 1    455 0.0000    455 0.2920    1 0.4649
292 1    455 0.0000    455 0.2982    1 0.5560
293 1    455 0.0000    455 0.2403    1 0.4544
294 1    455 0.0000    455 0.2890    1 0.4527
295 1    455 0.0000    455 0.3147    1 0.4490
296 1    455 0.0000    455 0.3570    1 0.4535
297 1    999 0.0000    999 0.3541    1 0.4550
298 1    455 0.0000    455 0.3365    1 0.4451
299 1    999 0.0000    999 0.3043    1 0.4606
300 1    455 0.0000    455 0.2878    1 0.4484
301 1    455 0.0000    455 0.2626    1 0.5023
302 1    455 0.0000    455 0.2780    1 0.4652
303 1    455 0.0000    455 0.3069    1 0.4795
304 1    455 0.0000    455 0.2674    999 0.4476
305 1    999 0.0000    999 0.3694    1 0.4410
306 1    455 0.0000    455 0.3059    1 0.4857
307 1    455 0.0000    455 0.3848    1 0.4570
308 1    999 0.0000    999 0.3229    1 0.4715
309 1    999 0.0000    999 0.3791    1 0.4347
310 1    455 0.0000    455 0.3372    1 0.4351
311 1    455 0.0000    455 0.3379    1 0.4380
312 1    999 0.0000    999 0.3012    1 0.4543
313 1    455 0.0000    455 0.3015    1 0.4358
314 1    455 0.0000    455 0.3197    1 0.4818
315 1    455 0.0000    455 0.2877    1 0.4692
316 1    455 0.0000    455 0.2820    1 0.4876
317 1    999 0.0000    999 0.3164    1 0.4578
318 1    455 0.0000    455 0.3303    1 0.4319
319 1    455 0.0000    455 0.3263    1 0.5257
320 1    999 0.0000    999 0.2702    455 0.4692
321 1    999 0.0000    999 0.2420    1 0.4985
322 1    999 0.0000    999 0.2877    1 0.4886
323 1    999 0.0000    999 0.2568    1 0.5090
324 1    999 0.0000    999 0.2642    1 0.5078
325 1    999 0.0000    999 0.2402    1 0.4933
326 1    999 0.0000    999 0.2774    1 0.4820
327 1    455 0.0000    455 0.2724    1 0.4910
328 1    455 0.0000    455 0.3018    1 0.4461
329 1    455 0.0000    455 0.3259    1 0.4522
330 1    999 0.0000    999 0.3167    1 0.5231
331 1    999 0.0000    999 0.2421    1 0.5139
332 1    999 0.0000    999 0.3281    1 0.4401
333 1    455 0.0000    455 0.3279    1 0.5176
334 1    455 0.0000    455 0.3372    1 0.4667
335 1    999 0.0000    999 0.2633    455 0.4739
336 1    999 0.0000    999 0.3001    1 0.5094
337 1    999 0.0000    999 0.3568    1 0.4569
338 1    999 0.0000    999 0.2808    1 0.4437
339 1    999 0.0000    999 0.3093    1 0.4465
340 1    455 0.0000    455 0.2943    1 0.4616
341 1    999 0.0000    999 0.2676    1 0.4455
342 1    999 0.0000    999 0.2934    1 0.4865
343 1    999 0.0000    999 0.2456    1 0.4975
344 1    999 0.0000    999 0.2225    1 0.5077
345 1    455 0.0000    455 0.2746    1 0.5236
346 1    455 0.0000    455 0.3298    1 0.4626
347 1    455 0.0000    455 0.3131    1 0.4541
348 1    999 0.0000    999 0.2578    1 0.5601
349 1    999 0.0000    999 0.2799    1 0.5643
350 1    999 0.0000    999 0.2405    1 0.5045
351 1    999 0.0000    999 0.2618    1 0.5867
352 1    999 0.0000    999 0.2605    1 0.5135
353 1    999 0.0000    999 0.2960    1 0.5375
354 1    455 0.0000    455 0.3187    1 0.5379
355 1    455 0.0000    455 0.3053    1 0.5238
356 1    999 0.0000    999 0.2667    1 0.4477
357 1    999 0.0000    999 0.2961    455 0.4384
358 1    455 0.0000    455 0.2161    999 0.5053
359 1    455 0.0000    455 0.1815    1 0.4958
360 1    455 0.0000    455 0.1154    1 0.5436
361 1    455 0.0000    455 0.1491    1 0.6043
362 1    455 0.0000    455 0.3060    1 0.7472
363 1    455 0.0000    455 0.3442    1 0.7742
364 1    455 0.0000    455 0.3168    1 0.7481
365 1    455 0.0000    455 0.2390    1 0.6963
366 1    455 0.0000    455 0.3257    1 0.7463
367 1    455 0.0000    455 0.3246    1 0.7549
368 1    455 0.0000    455 0.2415    1 0.6918
369 1    455 0.0000    455 0.2990    1 0.7149
370 1    455 0.0000    455 0.2912    1 0.7163
371 1    455 0.0000    455 0.3929    1 0.7943
372 1    455 0.0000    455 0.3339    1 0.7487
373 1    455 0.0000    455 0.3463    1 0.7603
374 1    455 0.0000    455 0.2191    1 0.6595
375 1    455 0.0000    455 0.2963    1 0.7213
376 1    455 0.0000    455 0.4446    1 0.8180
377 1    455 0.0000    455 0.4174    1 0.7862
378 1    455 0.0000    455 0.4522    1 0.7918
379 1    455 0.0000    455 0.2194    1 0.6545
380 1    455 0.0000    455 0.2014    1 0.6305
381 1    455 0.0000    455 0.2324    1 0.6751
382 1    455 0.0000    455 0.2381    1 0.6788
383 1    455 0.0000    455 0.2293    1 0.6587
384 1    455 0.0000    455 0.3037    1 0.7187
385 1    455 0.0000    455 0.2622    1 0.6954
386 1    455 0.0000    455 0.1807    1 0.6494
387 1    455 0.0000    455 0.3270    1 0.7531
388 1    455 0.0000    455 0.2756    1 0.7212
389 1    455 0.0000    455 0.3215    1 0.7659
390 1    455 0.0000    455 0.1884    1 0.6575
391 1    455 0.0000    455 0.2058    1 0.6666
392 1    455 0.0000    455 0.2140    1 0.6616
393 1    455 0.0000    455 0.2023    1 0.6501
394 1    455 0.0000    455 0.2569    1 0.6923
395 1    455 0.0000    455 0.2612    1 0.6888
396 1    455 0.0000    455 0.2541    1 0.6861
397 1    455 0.0000    455 0.2450    999 0.6768
398 1    455 0.0000    455 0.1596    999 0.5941
399 1    455 0.0000    455 0.2091    1 0.6718
400 1    455 0.0000    455 0.1552    1 0.6030
401 1    455 0.0000    455 0.2321    1 0.6780
402 1    455 0.0000    455 0.3072    1 0.7314
403 1    455 0.0000    455 0.1682    1 0.5544
404 1    455 0.0000    455 0.2057    1 0.5903
405 1    455 0.0000    455 0.1718    1 0.5764
406 1    455 0.0000    455 0.1970    1 0.5766
407 1    455 0.0000    455 0.1898    1 0.5460
408 1    455 0.0000    455 0.2101    1 0.5706
409 1    455 0.0000    455 0.1625    1 0.6028
410 1    455 0.0000    455 0.1945    1 0.6187
411 1    455 0.0000    455 0.1952    1 0.5784
412 1    455 0.0000    455 0.2217    1 0.5464
413 1    455 0.0000    455 0.2423    1 0.6712
414 1    455 0.0000    455 0.2127    1 0.5753
415 1    455 0.0000    455 0.2712    1 0.6216
416 1    455 0.0000    455 0.2029    1 0.5955
417 1    455 0.0000    455 0.2024    1 0.5716
418 1    455 0.0000    455 0.1404    1 0.5823
419 1    455 0.0000    455 0.1978    1 0.5832
420 1    455 0.0000    455 0.1617    1 0.5736
421 1    455 0.0000    455 0.1716    1 0.5729
422 1    455 0.0000    455 0.1885    1 0.6437
423 1    455 0.0000    455 0.2301    1 0.6813
424 1    455 0.0000    455 0.1707    1 0.6333
425 1    455 0.0000    455 0.1746    1 0.5829
426 1    455 0.0000    455 0.3052    1 0.6068
427 1    455 0.0000    455 0.2013    1 0.6213
428 1    455 0.0000    455 0.2216    1 0.6622
429 1    455 0.0000    455 0.1930    1 0.6493
430 1    455 0.0000    455 0.1881    1 0.6586
431 1    455 0.0000    455 0.1541    1 0.5745
432 1    455 0.0000    455 0.1832    1 0.6277
433 1    455 0.0000    455 0.1578    1 0.6169
434 1    455 0.0000    455 0.1583    1 0.6012
435 1    455 0.0000    455 0.1810    1 0.5514
436 1    455 0.0000    455 0.2398    1 0.6219
437 1    455 0.0000    455 0.2297    1 0.6810
438 1    455 0.0000    455 0.2153    1 0.6395
439 1    455 0.0000    455 0.1909    1 0.6208
440 1    455 0.0000    455 0.2772    1 0.7207
441 1    455 0.0000    455 0.1793    1 0.6058
442 1    455 0.0000    455 0.1714    1 0.5440
443 1    455 0.0000    455 0.2469    1 0.5802
444 1    455 0.0000    455 0.2103    1 0.5626
445 1    455 0.0000    455 0.3026    1 0.5107
446 1    455 0.0000    455 0.3553    1 0.5167
447 1    455 0.0000    455 0.2407    999 0.4788
448 1    455 0.0000    455 0.2094    999 0.4820
449 1    455 0.0000    455 0.3327    1 0.4758
450 1    455 0.0000    455 0.2671    1 0.4845
451 1    999 0.0000    999 0.3192    1 0.4741
452 1    455 0.0000    455 0.3456    1 0.4130
453 1    455 0.0000    455 0.3572    1 0.4301
454 1    455 0.5503    1 0.5503    999 0.5779
455 1    455 0.0000    455 0.1033    1 0.5436
456 1    455 0.0000    455 0.2227    1 0.4650
457 1    455 0.0000    455 0.2252    999 0.5223
458 1    455 0.0000    455 0.2352    999 0.5018
459 1    455 0.0000    455 0.3447    999 0.4676
460 1    455 0.0000    455 0.1903    1 0.4919
461 1    999 0.0000    999 0.3133    1 0.4371
462 1    455 0.0000    455 0.2997    1 0.4669
463 1    455 0.0000    455 0.2007    1 0.5523
464 1    455 0.0000    455 0.2242    1 0.4994
465 1    455 0.0000    455 0.1843    1 0.5011
466 1    455 0.0000    455 0.3502    1 0.4130
467 1    455 0.0000    455 0.2752    1 0.4723
468 1    455 0.0000    455 0.2235    1 0.4948
469 1    455 0.0000    455 0.3103    1 0.4610
470 1    455 0.0000    455 0.2324    1 0.5199
471 1    455 0.0000    455 0.2499    1 0.4728
472 1    455 0.0000    455 0.2606    1 0.4690
473 1    455 0.0000    455 0.2693    1 0.4403
474 1    455 0.0000    455 0.3284    1 0.4406
475 1    455 0.0000    455 0.3562    1 0.4637
476 1    455 0.0000    455 0.3575    1 0.4073
477 1    455 0.0000    455 0.2468    1 0.4769
478 1    455 0.0000    455 0.3180    1 0.4659
479 1    999 0.0000    999 0.3763    1 0.4327
480 1    455 0.0000    455 0.2921    1 0.4582
481 1    999 0.0000    999 0.3454    1 0.4529
482 1    455 0.0000    455 0.3443    1 0.4410
483 1    455 0.0000    455 0.3314    1 0.4435
484 1    455 0.0000    455 0.2955    1 0.4362
485 1    455 0.0000    455 0.2866    1 0.4649
486 1    999 0.0000    999 0.3215    1 0.4639
487 1    455 0.0000    455 0.2370    1 0.4550
488 1    455 0.0000    455 0.1949    1 0.5178
489 1    455 0.0000    455 0.1616    1 0.5234
490 1    455 0.0000    455 0.1693    1 0.5207
491 1    455 0.0000    455 0.2203    1 0.5458
492 1    455 0.0000    455 0.2351    1 0.5837
493 1    455 0.0000    455 0.2077    1 0.6059
494 1    455 0.0000    455 0.1431    1 0.5691
495 1    455 0.0000    455 0.2690    1 0.5298
496 1    455 0.0000    455 0.3622    1 0.4677
497 1    455 0.0000    455 0.2212    1 0.5167
498 1    455 0.0000    455 0.1261    1 0.5792
499 1    455 0.0000    455 0.1815    1 0.5346
500 1    455 0.0000    455 0.1541    1 0.5317
501 1    455 0.0000    455 0.2224    1 0.4970
502 1    455 0.0000    455 0.2956    1 0.4738
503 1    455 0.0000    455 0.1824    999 0.5153
504 1    455 0.0000    455 0.2030    999 0.5083
505 1    455 0.0000    455 0.2483    1 0.4731
506 1    455 0.0000    455 0.2606    1 0.4714
507 1    455 0.0000    455 0.2056    1 0.4979
508 1    455 0.0000    455 0.3532    1 0.4583
509 1    455 0.0000    455 0.2756    1 0.4864
510 1    455 0.0000    455 0.1548    1 0.5224
511 1    455 0.0000    455 0.2464    1 0.5103
512 1    455 0.0000    455 0.2315    1 0.4748
513 1    455 0.0000    455 0.2894    1 0.4742
514 1    455 0.0000    455 0.2682    999 0.5429
515 1    455 0.0000    455 0.2615    1 0.5083
516 1    455 0.0000    455 0.2821    999 0.4912
517 1    455 0.0000    455 0.3648    1 0.4455
518 1    455 0.0000    455 0.3814    1 0.4207
519 1    455 0.0000    455 0.2933    999 0.4658
520 1    455 0.0000    455 0.3951    1 0.4620
521 1    455 0.0000    455 0.3038    999 0.4784
522 1    455 0.0000    455 0.2771    999 0.4723
523 1    455 0.0000    455 0.3698    1 0.4637
524 1    999 0.0000    999 0.3715    1 0.4603
525 1    455 0.0000    455 0.2318    1 0.4831
526 1    455 0.0000    455 0.2152    1 0.4996
527 1    455 0.0000    455 0.2297    1 0.4802
528 1    455 0.0000    455 0.2059    1 0.5139
529 1    455 0.0000    455 0.2162    999 0.4925
530 1    455 0.0000    455 0.2005    999 0.5016
531 1    455 0.0000    455 0.3115    1 0.4853
532 1    455 0.0000    455 0.2560    999 0.4694
533 1    455 0.0000    455 0.3836    1 0.4579
534 1    455 0.0000    455 0.3089    1 0.4836
535 1    455 0.0000    455 0.3817    1 0.4527
536 1    999 0.0000    999 0.3691    1 0.4394
537 1    455 0.0000    455 0.2742    1 0.4595
538 1    455 0.0000    455 0.2372    1 0.4710
539 1    455 0.0000    455 0.2922    1 0.4752
540 1    455 0.0000    455 0.2335    1 0.5037
541 1    455 0.0000    455 0.3098    1 0.4885
542 1    455 0.0000    455 0.2698    1 0.5169
543 1    455 0.0000    455 0.2939    1 0.4737
544 1    455 0.0000    455 0.3664    1 0.4107
545 1    455 0.0000    455 0.2715    1 0.4612
546 1    455 0.0000    455 0.2185    1 0.4930
547 1    999 0.0000    999 0.2917    1 0.4850
548 1    999 0.0000    999 0.3374    1 0.4500
549 1    455 0.0000    455 0.2651    999 0.4561
550 1    455 0.0000    455 0.2516    1 0.4668
551 1    455 0.0000    455 0.2361    1 0.4903
552 1    455 0.0000    455 0.3712    1 0.4417
553 1    455 0.0000    455 0.3031    1 0.4655
554 1    999 0.0000    999 0.4077    1 0.4355
555 1    455 0.0000    455 0.4183    1 0.4882
556 1    455 0.0000    455 0.1692    1 0.5027
557 1    455 0.0000    455 0.2216    1 0.5587
558 1    455 0.0000    455 0.2413    1 0.5759
559 1    455 0.0000    455 0.3320    1 0.4919
560 1    455 0.0000    455 0.3154    999 0.4760
561 1    455 0.0000    455 0.2532    1 0.4624
562 1    455 0.0000    455 0.2141    1 0.4974
563 1    455 0.0000    455 0.2557    1 0.4588
564 1    455 0.0000    455 0.3569    999 0.4227
565 1    455 0.0000    455 0.2171    999 0.4996
566 1    455 0.0000    455 0.2894    1 0.4328
567 1    455 0.0000    455 0.3012    1 0.4710
568 1    455 0.0000    455 0.2884    1 0.4391
569 1    455 0.0000    455 0.2509    1 0.5288
570 1    455 0.0000    455 0.2999    1 0.4721
571 1    455 0.0000    455 0.2311    1 0.4863
572 1    455 0.0000    455 0.2147    1 0.5059
573 1    455 0.0000    455 0.2277    1 0.4705
574 1    455 0.0000    455 0.1600    999 0.5537
575 1    455 0.0000    455 0.1961    1 0.5165
576 1    455 0.0000    455 0.3010    1 0.4407
577 1    455 0.0000    455 0.3395    1 0.4263
578 1    455 0.0000    455 0.3024    1 0.4442
579 1    455 0.0000    455 0.3471    1 0.4963
580 1    455 0.0000    455 0.2382    1 0.4896
581 1    455 0.0000    455 0.2654    999 0.4738
582 1    999 0.0000    999 0.4023    1 0.4323
583 1    455 0.0000    455 0.2779    1 0.4619
584 1    455 0.0000    455 0.2965    1 0.4929
585 1    455 0.0000    455 0.4069    1 0.4269
586 1    999 0.0000    999 0.4077    1 0.4724
587 1    455 0.0000    455 0.2977    1 0.4728
588 1    455 0.0000    455 0.2962    1 0.5077
589 1    455 0.0000    455 0.3295    1 0.4711
590 1    455 0.0000    455 0.3544    1 0.4459
591 1    999 0.0000    999 0.3250    1 0.4939
592 1    455 0.0000    455 0.2662    1 0.4719
593 1    455 0.0000    455 0.3277    1 0.4823
594 1    999 0.0000    999 0.3399    1 0.4398
595 1    999 0.0000    999 0.2742    1 0.4797
596 1    999 0.0000    999 0.2316    1 0.4946
597 1    999 0.0000    999 0.2374    1 0.4797
598 1    999 0.0000    999 0.3058    1 0.4746
599 1    999 0.0000    999 0.2835    1 0.4959
600 1    999 0.0000    999 0.3052    1 0.5114
601 1    999 0.0000    999 0.3053    1 0.4968
602 1    999 0.0000    999 0.3066    1 0.5193
603 1    455 0.0000    455 0.3086    1 0.5261
604 1    455 0.0000    455 0.3217    1 0.4281
605 1    455 0.0000    455 0.3212    1 0.4559
606 1    455 0.0000    455 0.3406    1 0.5022
607 1    455 0.0000    455 0.2606    1 0.4836
608 1    999 0.0000    999 0.3918    1 0.4961
609 1    455 0.0000    455 0.2648    1 0.4660
610 1    455 0.0000    455 0.3088    1 0.5256
611 1    999 0.0000    999 0.3776    1 0.4738
612 1    455 0.0000    455 0.1994    1 0.5435
613 1    455 0.0000    455 0.2615    1 0.5229
614 1    455 0.0000    455 0.2826    1 0.4894
615 1    455 0.0000    455 0.2696    1 0.4968
616 1    455 0.0000    455 0.2950    1 0.4893
617 1    455 0.0000    455 0.2852    1 0.4850
618 1    455 0.0000    455 0.2101    1 0.5681
619 1    455 0.0000    455 0.2609    1 0.5005
620 1    455 0.0000    455 0.3292    1 0.4997
621 1    455 0.0000    455 0.3267    1 0.4817
622 1    455 0.0000    455 0.3478    1 0.5266
623 1    455 0.0000    455 0.2676    1 0.4925
624 1    455 0.0000    455 0.3740    1 0.4927
625 1    455 0.0000    455 0.2794    1 0.4888
626 1    999 0.0000    999 0.3152    1 0.4557
627 1    455 0.0000    455 0.3119    1 0.5236
628 1    999 0.0000    999 0.3262    1 0.4412
629 1    999 0.0000    999 0.3120    1 0.4482
630 1    999 0.0000    999 0.3017    1 0.4345
631 1    999 0.0000    999 0.3192    1 0.5089
632 1    455 0.0000    455 0.3410    1 0.4254
633 1    455 0.0000    455 0.2502    1 0.5857
634 1    455 0.0000    455 0.2270    1 0.5672
635 1    455 0.0000    455 0.2253    1 0.5352
636 1    999 0.0000    999 0.3246    1 0.4579
637 1    455 0.0000    455 0.3145    1 0.4950
638 1    999 0.0000    999 0.2145    1 0.5730
639 1    999 0.0000    999 0.1989    1 0.5528
640 1    999 0.0000    999 0.2613    1 0.5050
641 1    999 0.0000    999 0.2731    1 0.4983
642 1    999 0.0000    999 0.2603    1 0.5107
643 1    999 0.0000    999 0.3184    1 0.4938
644 1    455 0.0000    455 0.1751    1 0.5155
645 1    455 0.0000    455 0.1843    999 0.5003
646 1    455 0.0000    455 0.1563    999 0.4910
647 1    455 0.0000    455 0.3235    1 0.5713
648 1    455 0.0000    455 0.2851    1 0.5042
649 1    455 0.0000    455 0.2348    1 0.5077
650 1    455 0.0000    455 0.2631    1 0.4310
651 1    455 0.0000    455 0.2619    1 0.4378
652 1    455 0.0000    455 0.2789    1 0.5414
653 1    455 0.0000    455 0.2831    1 0.5124
654 1    455 0.0000    455 0.2675    1 0.5035
655 1    455 0.0000    455 0.1964    1 0.5228
656 1    455 0.0000    455 0.1249    1 0.5365
657 1    455 0.0000    455 0.1363    1 0.5529
658 1    455 0.0000    455 0.1329    1 0.5413
659 1    455 0.0000    455 0.1330    1 0.5155
660 1    455 0.0000    455 0.1951    1 0.5002
661 1    455 0.0000    455 0.1540    999 0.4994
662 1    455 0.0000    455 0.3546    999 0.4341
663 1    455 0.0000    455 0.2404    1 0.4850
664 1    455 0.0000    455 0.2813    999 0.4595
665 1    455 0.0000    455 0.3060    1 0.4557
666 1    455 0.0000    455 0.3776    1 0.4347
667 1    455 0.0000    455 0.2417    999 0.4819
668 1    455 0.0000    455 0.3787    1 0.4520
669 1    455 0.0000    455 0.2658    999 0.4354
670 1    455 0.0000    455 0.3222    1 0.4739
671 1    999 0.0000    999 0.2663    1 0.4680
672 1    999 0.0000    999 0.2674    1 0.4727
673 1    455 0.0000    455 0.3431    1 0.4310
674 1    455 0.0000    455 0.2935    1 0.4915
675 1    455 0.0000    455 0.3214    999 0.4336
676 1    455 0.0000    455 0.3175    1 0.4530
677 1    455 0.0000    455 0.3181    1 0.4536
678 1    455 0.0000    455 0.3661    1 0.4319
679 1    455 0.0000    455 0.3479    999 0.4266
680 1    455 0.0000    455 0.3614    1 0.4117
681 1    455 0.0000    455 0.3210    999 0.4426
682 1    455 0.0000    455 0.3624    1 0.4275
683 1    999 0.0000    999 0.3872    1 0.4397
684 1    455 0.0000    455 0.3149    1 0.4731
685 1    455 0.0000    455 0.2994    1 0.4473
686 1    455 0.0000    455 0.3035    999 0.5057
687 1    455 0.0000    455 0.2865    999 0.4795
688 1    455 0.0000    455 0.2947    999 0.4821
689 1    455 0.0000    455 0.1962    999 0.5228
690 1    455 0.0000    455 0.1998    999 0.5439
691 1    455 0.0000    455 0.1273    1 0.5467
692 1    455 0.0000    455 0.2065    999 0.5228
693 1    455 0.0000    455 0.2435    999 0.4794
694 1    455 0.0000    455 0.2426    999 0.4837
695 1    455 0.0000    455 0.2670    999 0.5141
696 1    455 0.0000    455 0.2550    999 0.4826
697 1    455 0.0000    455 0.2021    999 0.5479
698 1    455 0.0000    455 0.2950    999 0.4911
699 1    455 0.0000    455 0.2659    1 0.4601
700 1    999 0.0000    999 0.2801    1 0.5235
701 1    999 0.0000    999 0.1961    1 0.5550
702 1    999 0.0000    999 0.2947    1 0.5813
703 1    455 0.0000    455 0.2936    1 0.5409
704 1    455 0.0000    455 0.3083    1 0.5790
705 1    455 0.0000    455 0.2678    1 0.5137
706 1    455 0.0000    455 0.2390    1 0.5463
707 1    455 0.0000    455 0.2690    1 0.4824
708 1    455 0.0000    455 0.3399    1 0.4998
709 1    455 0.0000    455 0.2634    1 0.5103
710 1    455 0.0000    455 0.2011    1 0.5628
711 1    455 0.0000    455 0.1969    1 0.6144
712 1    455 0.0000    455 0.1596    1 0.5273
713 1    455 0.0000    455 0.2084    1 0.5133
714 1    455 0.0000    455 0.2667    999 0.5169
715 1    455 0.0000    455 0.2165    999 0.5775
716 1    455 0.0000    455 0.2156    999 0.5385
717 1    455 0.0000    455 0.1399    999 0.5523
718 1    455 0.0000    455 0.4010    999 0.4858
719 1    455 0.0000    455 0.2110    999 0.5221
720 1    455 0.0000    455 0.2725    999 0.5297
721 1    455 0.0000    455 0.1751    1 0.5506
722 1    455 0.0000    455 0.1647    1 0.6315
723 1    455 0.0000    455 0.2179    1 0.6661
724 1    455 0.0000    455 0.1122    999 0.5777
725 1    455 0.0000    455 0.1723    1 0.5360
726 1    455 0.0000    455 0.1340    999 0.5455
727 1    455 0.0000    455 0.2752    999 0.4631
728 1    455 0.0000    455 0.2282    999 0.5072
729 1    455 0.0000    455 0.1772    999 0.4993
730 1    455 0.0000    455 0.2680    999 0.4785
731 1    455 0.0000    455 0.2361    999 0.4943
732 1    455 0.0000    455 0.2718    999 0.4854
733 1    455 0.0000    455 0.2436    999 0.5007
734 1    455 0.0000    455 0.1412    999 0.5564
735 1    455 0.0000    455 0.2239    999 0.5180
736 1    455 0.0000    455 0.2313    999 0.5236
737 1    455 0.0000    455 0.2556    1 0.4593
738 1    455 0.0000    455 0.3052    999 0.4786
739 1    455 0.0000    455 0.3454    999 0.4794
740 1    455 0.0000    455 0.3075    999 0.5062
741 1    455 0.0000    455 0.3703    999 0.4799
742 1    455 0.0000    455 0.3349    999 0.5118
743 1    455 0.0000    455 0.2674    999 0.5247
744 1    455 0.0000    455 0.3452    999 0.4838
745 1    455 0.0000    455 0.2583    999 0.5086
746 1    455 0.0000    455 0.3684    999 0.4767
747 1    455 0.0000    455 0.3411    999 0.4870
748 1    455 0.0000    455 0.3364    999 0.5059
749 1    455 0.0000    455 0.3536    999 0.4673
750 1    455 0.0000    455 0.2511    999 0.5026
751 1    455 0.0000    455 0.2169    999 0.4870
752 1    455 0.0000    455 0.1898    999 0.5050
753 1    455 0.0000    455 0.2889    999 0.4580
754 1    455 0.0000    455 0.2077    999 0.5168
755 1    455 0.0000    455 0.2624    1 0.4654
756 1    455 0.0000    455 0.2577    1 0.4743
757 1    455 0.0000    455 0.2540    1 0.4785
758 1    455 0.0000    455 0.2252    1 0.4537
759 1    455 0.0000    455 0.2342    1 0.4438
760 1    455 0.0000    455 0.2572    1 0.4505
761 1    455 0.0000    455 0.2789    999 0.4806
762 1    455 0.0000    455 0.3056    999 0.4723
763 1    455 0.0000    455 0.2048    1 0.5130
764 1    455 0.0000    455 0.2382    999 0.4688
765 1    455 0.0000    455 0.2010    999 0.5194
766 1    455 0.0000    455 0.2163    999 0.5122
767 1    455 0.0000    455 0.3554    1 0.4647
768 1    455 0.0000    455 0.2482    1 0.4843
769 1    455 0.0000    455 0.2171    1 0.5102
770 1    455 0.0000    455 0.2167    999 0.4912
771 1    455 0.0000    455 0.1827    1 0.5056
772 1    455 0.0000    455 0.3355    1 0.4408
773 1    999 0.0000    999 0.3856    1 0.4588
774 1    455 0.0000    455 0.2965    1 0.4535
775 1    455 0.0000    455 0.1717    1 0.4870
776 1    455 0.0000    455 0.3772    1 0.4185
777 1    455 0.0000    455 0.2299    1 0.4715
778 1    455 0.0000    455 0.2780    1 0.4367
779 1    455 0.0000    455 0.2307    1 0.4597
780 1    455 0.0000    455 0.2573    1 0.4506
781 1    999 0.0000    999 0.2565    1 0.4679
782 1    999 0.0000    999 0.3075    1 0.4974
783 1    999 0.0000    999 0.3215    1 0.5145
784 1    455 0.0000    455 0.2946    1 0.4607
785 1    455 0.0000    455 0.2077    1 0.4650
786 1    455 0.0000    455 0.3015    1 0.4520
787 1    455 0.0000    455 0.3252    1 0.4680
788 1    455 0.0000    455 0.3250    1 0.4762
789 1    455 0.0000    455 0.2950    1 0.4941
790 1    455 0.0000    455 0.2967    1 0.4809
791 1    999 0.0000    999 0.2021    1 0.5388
792 1    999 0.0000    999 0.2349    1 0.5066
793 1    455 0.0000    455 0.3347    1 0.6251
794 1    455 0.0000    455 0.3042    1 0.4995
795 1    455 0.0000    455 0.3173    1 0.4631
796 1    455 0.0000    455 0.2734    1 0.4581
797 1    455 0.0000    455 0.2791    1 0.4968
798 1    455 0.0000    455 0.2286    1 0.4709
799 1    455 0.0000    455 0.2785    1 0.4319
800 1    999 0.0000    999 0.3203    1 0.4458
801 1    455 0.0000    455 0.2403    1 0.4404
802 1    455 0.0000    455 0.2266    1 0.5171
803 1    455 0.0000    455 0.3159    1 0.5550
804 1    455 0.0000    455 0.2370    1 0.4911
805 1    455 0.0000    455 0.2386    1 0.4446
806 1    455 0.0000    455 0.1720    1 0.4819
807 1    455 0.0000    455 0.2274    1 0.4912
808 1    455 0.0000    455 0.2781    1 0.4565
809 1    455 0.0000    455 0.2857    999 0.4225
810 1    455 0.0000    455 0.3058    1 0.4304
811 1    455 0.0000    455 0.3307    1 0.4810
812 1    455 0.0000    455 0.2531    999 0.4357
813 1    455 0.0000    455 0.2187    1 0.4591
814 1    455 0.0000    455 0.3204    1 0.4745
815 1    999 0.0000    999 0.3047    1 0.5253
816 1    455 0.0000    455 0.3333    1 0.4604
817 1    455 0.0000    455 0.2614    1 0.4879
818 1    455 0.0000    455 0.2717    1 0.4601
819 1    455 0.0000    455 0.3222    1 0.5011
820 1    455 0.0000    455 0.3230    1 0.4948
821 1    455 0.0000    455 0.2911    1 0.4915
822 1    999 0.0000    999 0.3114    1 0.4607
823 1    999 0.0000    999 0.2446    1 0.4686
824 1    455 0.0000    455 0.3097    1 0.5282
825 1    999 0.0000    999 0.3223    1 0.4968
826 1    999 0.0000    999 0.2868    1 0.5019
827 1    999 0.0000    999 0.2726    1 0.4903
828 1    999 0.0000    999 0.2810    1 0.5316
829 1    999 0.0000    999 0.3115    1 0.5059
830 1    455 0.0000    455 0.3384    1 0.4393
831 1    999 0.0000    999 0.2859    1 0.5192
832 1    999 0.0000    999 0.2152    1 0.5563
833 1    999 0.0000    999 0.2469    1 0.5059
834 1    999 0.0000    999 0.2442    1 0.6271
835 1    999 0.0000    999 0.3036    1 0.5678
836 1    999 0.0000    999 0.2092    1 0.6067
837 1    999 0.0000    999 0.2230    1 0.5324
838 1    999 0.0000    999 0.1693    1 0.6027
839 1    999 0.0000    999 0.2552    1 0.4800
840 1    999 0.0000    999 0.1975    455 0.5176
841 1    999 0.0000    999 0.2980    455 0.4709
842 1    999 0.0000    999 0.2123    455 0.5551
843 1    999 0.0000    999 0.3486    455 0.4276
844 1    999 0.0000    999 0.2567    455 0.4804
845 1    999 0.0000    999 0.2426    455 0.4927
846 1    999 0.0000    999 0.2703    1 0.5272
847 1    455 0.0000    455 0.3313    1 0.4541
848 1    999 0.0000    999 0.3004    1 0.5634
849 1    999 0.0000    999 0.2434    1 0.5517
850 1    999 0.0000    999 0.3084    1 0.4545
851 1    455 0.0000    455 0.2937    1 0.4812
852 1    455 0.0000    455 0.2954    1 0.4879
853 1    455 0.0000    455 0.2501    1 0.5347
854 1    455 0.0000    455 0.2966    1 0.4664
855 1    455 0.0000    455 0.2954    1 0.4483
856 1    455 0.0000    455 0.3175    1 0.4646
857 1    455 0.0000    455 0.3200    1 0.4500
858 1    455 0.0000    455 0.3263    1 0.4469
859 1    999 0.0000    999 0.2900    1 0.4441
860 1    999 0.0000    999 0.2212    1 0.5094
861 1    999 0.0000    999 0.3606    1 0.4602
862 1    999 0.0000    999 0.2985    1 0.5022
863 1    455 0.0000    455 0.2894    1 0.4829
864 1    999 0.0000    999 0.3374    1 0.5576
865 1    455 0.0000    455 0.2792    1 0.4664
866 1    455 0.0000    455 0.3128    1 0.4839
867 1    999 0.0000    999 0.3326    1 0.4129
868 1    999 0.0000    999 0.2917    1 0.5019
869 1    999 0.0000    999 0.3026    1 0.4625
870 1    999 0.0000    999 0.3020    1 0.4843
871 1    999 0.0000    999 0.2909    1 0.4620
872 1    999 0.0000    999 0.3096    1 0.4377
873 1    999 0.0000    999 0.2876    1 0.5311
874 1    999 0.0000    999 0.2518    1 0.5096
875 1    999 0.0000    999 0.2134    1 0.6036
876 1    999 0.0000    999 0.3155    1 0.5624
877 1    999 0.0000    999 0.2255    1 0.4727
878 1    999 0.0000    999 0.3553    1 0.4407
879 1    999 0.0000    999 0.3240    1 0.5173
880 1    999 0.0000    999 0.3156    1 0.5484
881 1    999 0.0000    999 0.2520    1 0.5446
882 1    999 0.0000    999 0.2890    1 0.5103
883 1    999 0.0000    999 0.2997    1 0.4799
884 1    999 0.0000    999 0.2898    1 0.4880
885 1    999 0.0000    999 0.2659    1 0.4836
886 1    999 0.0000    999 0.2774    1 0.4539
887 1    999 0.0000    999 0.2883    1 0.5104
888 1    999 0.0000    999 0.2793    1 0.4997
889 1    455 0.0000    455 0.2644    1 0.4466
890 1    455 0.0000    455 0.2863    1 0.4526
891 1    455 0.0000    455 0.2582    1 0.4739
892 1    455 0.0000    455 0.2588    1 0.4751
893 1    455 0.0000    455 0.2860    1 0.4362
894 1    455 0.0000    455 0.3114    1 0.4798
895 1    999 0.0000    999 0.2294    1 0.5445
896 1    999 0.0000    999 0.2461    1 0.5140
897 1    999 0.0000    999 0.2946    1 0.4732
898 1    999 0.0000    999 0.2471    1 0.5030
899 1    999 0.0000    999 0.3368    1 0.4981
900 1    455 0.0000    455 0.3593    1 0.4237
901 1    455 0.0000    455 0.3565    1 0.4453
902 1    455 0.0000    455 0.3440    1 0.5194
903 1    455 0.0000    455 0.3266    1 0.4924
904 1    999 0.0000    999 0.3112    1 0.5789
905 1    999 0.0000    999 0.3291    1 0.5583
906 1    999 0.0000    999 0.3478    1 0.5874
907 1    455 0.0000    455 0.3080    1 0.4840
908 1    999 0.0000    999 0.3051    1 0.5534
909 1    999 0.0000    999 0.3129    1 0.5379
910 1    455 0.0000    455 0.3011    1 0.5335
911 1    999 0.0000    999 0.3175    1 0.5273
912 1    999 0.0000    999 0.1803    455 0.5308
913 1    999 0.0000    999 0.2388    1 0.5458
914 1    999 0.0000    999 0.2928    1 0.5223
915 1    999 0.0000    999 0.2308    1 0.4982
916 1    999 0.0000    999 0.2945    455 0.4542
917 1    455 0.0000    455 0.3389    1 0.4431
918 1    999 0.0000    999 0.2624    1 0.5061
919 1    999 0.0000    999 0.2960    1 0.4966
920 1    999 0.0000    999 0.1963    1 0.5709
921 1    999 0.0000    999 0.3166    1 0.4776
922 1    455 0.0000    455 0.3078    1 0.4794
923 1    999 0.0000    999 0.3258    1 0.4795
924 1    999 0.0000    999 0.2436    1 0.5210
925 1    999 0.0000    999 0.2472    1 0.5899
926 1    455 0.0000    455 0.3082    1 0.5085
927 1    999 0.0000    999 0.2740    1 0.5392
928 1    999 0.0000    999 0.2791    1 0.5506
929 1    999 0.0000    999 0.2472    1 0.6247
930 1    999 0.0000    999 0.2049    1 0.6268
931 1    999 0.0000    999 0.1968    1 0.5640
932 1    999 0.0000    999 0.1630    1 0.5832
933 1    999 0.0000    999 0.2755    1 0.4917
934 1    999 0.0000    999 0.1721    1 0.5083
935 1    999 0.0000    999 0.2088    1 0.5168
936 1    999 0.0000    999 0.2426    1 0.5182
937 1    999 0.0000    999 0.1907    1 0.4997
938 1    999 0.0000    999 0.2096    1 0.5134
939 1    999 0.0000    999 0.2940    1 0.4870
940 1    455 0.0000    455 0.3155    1 0.5068
941 1    999 0.0000    999 0.3251    1 0.5231
942 1    999 0.0000    999 0.2932    1 0.5425
943 1    999 0.0000    999 0.2691    1 0.4633
944 1    999 0.0000    999 0.2237    455 0.5033
945 1    999 0.0000    999 0.1904    1 0.5370
946 1    999 0.0000    999 0.3169    1 0.5555
947 1    455 0.0000    455 0.2597    1 0.5102
948 1    455 0.0000    455 0.3401    1 0.5196
949 1    455 0.0000    455 0.2327    1 0.4685
950 1    999 0.0000    999 0.2089    1 0.4891
951 1    999 0.0000    999 0.2509    1 0.5622
952 1    999 0.0000    999 0.2557    1 0.5214
953 1    999 0.0000    999 0.2144    1 0.7122
954 1    999 0.0000    999 0.2039    1 0.6875
955 1    999 0.0000    999 0.1996    1 0.6594
956 1    999 0.0000    999 0.1991    1 0.5734
957 1    999 0.0000    999 0.2505    1 0.5526
958 1    999 0.0000    999 0.2998    1 0.4717
959 1    999 0.0000    999 0.2377    1 0.4760
960 1    999 0.0000    999 0.2864    1 0.4730
961 1    999 0.0000    999 0.3109    1 0.5032
962 1    999 0.0000    999 0.3140    1 0.4681
963 1    455 0.0000    455 0.2875    1 0.4888
964 1    999 0.0000    999 0.2929    1 0.5063
965 1    455 0.0000    455 0.3275    1 0.5061
966 1    999 0.0000    999 0.3094    1 0.4668
967 1    999 0.0000    999 0.2681    1 0.4820
968 1    999 0.0000    999 0.2187    1 0.5685
969 1    999 0.0000    999 0.2351    1 0.5469
970 1    999 0.0000    999 0.1864    1 0.5546
971 1    999 0.0000    999 0.2190    1 0.5337
972 1    999 0.0000    999 0.2220    1 0.5757
973 1    999 0.0000    999 0.2035    1 0.5806
974 1    999 0.0000    999 0.2394    1 0.6622
975 1    999 0.0000    999 0.2586    1 0.5545
976 1    999 0.0000    999 0.2425    1 0.4986
977 1    999 0.0000    999 0.2409    1 0.5536
978 1    999 0.0000    999 0.1903    1 0.5924
979 1    999 0.0000    999 0.2087    1 0.4978
980 1    999 0.0000    999 0.2573    1 0.4854
981 1    999 0.0000    999 0.2659    1 0.4414
982 1    999 0.0000    999 0.1428    1 0.5938
983 1    999 0.0000    999 0.2730    1 0.5336
984 1    999 0.0000    999 0.1999    1 0.5307
985 1    999 0.0000    999 0.2041    1 0.4764
986 1    999 0.0000    999 0.2547    1 0.5325
987 1    999 0.0000    999 0.1665    1 0.5344
988 1    999 0.0000    999 0.1508    1 0.5307
989 1    999 0.0000    999 0.2358    1 0.5737
990 1    999 0.0000    999 0.2013    1 0.5430
991 1    999 0.0000    999 0.2029    1 0.5041
992 1    999 0.0000    999 0.1845    1 0.5066
993 1    999 0.0000    999 0.2488    1 0.5037
994 1    999 0.0000    999 0.2001    1 0.5010
995 1    999 0.0000    999 0.2288    455 0.5091
996 1    999 0.0000    999 0.1571    1 0.5692
997 1    999 0.0000    999 0.1684    1 0.5548
998 1    999 0.5799    455 0.5779    1 0.5819
999 1    999 0.0000    999 0.1353    1 0.5822
1000 1    999 0.0000    999 0.1353    1 0.5369
1001 2    1 0.0000    889 0.5502    979 0.5535
1002 2    1 0.0000    1 0.1407    979 0.5385
1003 2    1 0.0000    1 0.2842    979 0.5120
1004 2    1 0.0000    1 0.3939    979 0.6059
1005 2    1 0.0000    1 0.4360    979 0.6191
1006 2    889 0.0000    889 0.3978    979 0.6879
1007 2    889 0.0000    889 0.4295    979 0.6918
1008 2    889 0.0000    889 0.3951    979 0.6285
1009 2    889 0.0000    889 0.4424    1 0.6751
1010 2    889 0.0000    889 0.4321    979 0.7273
1011 2    889 0.0000    889 0.4510    979 0.7809
1012 2    889 0.0000    889 0.4074    979 0.6845
1013 2    889 0.0000    889 0.4014    979 0.6430
1014 2    889 0.0000    889 0.4006    979 0.6810
1015 2    1 0.0000    1 0.3585    979 0.5876
1016 2    1 0.0000    1 0.3381    979 0.5454
1017 2    889 0.0000    889 0.4643    979 0.6829
1018 2    889 0.0000    889 0.3935    979 0.5751
1019 2    889 0.0000    889 0.3707    979 0.5685
1020 2    889 0.0000    889 0.4020    979 0.5765
1021 2    889 0.0000    889 0.4200    979 0.5623
1022 2    1 0.0000    1 0.4154    979 0.4869
1023 2    889 0.0000    889 0.4199    979 0.5524
1024 2    889 0.0000    889 0.3837    979 0.5425
1025 2    889 0.0000    889 0.3900    979 0.5455
1026 2    889 0.0000    889 0.4194    1 0.5072
1027 2    889 0.0000    889 0.3838    1 0.6335
1028 2    889 0.0000    889 0.3899    1 0.6399
1029 2    889 0.0000    889 0.4292    1 0.6135
1030 2    889 0.0000    889 0.4146    1 0.6339
1031 2    889 0.0000    889 0.3675    1 0.5872
1032 2    889 0.0000    889 0.4124    1 0.5545
1033 2    889 0.0000    889 0.4167    1 0.6018
1034 2    889 0.0000    889 0.4623    1 0.5979
1035 2    889 0.0000    889 0.4690    1 0.6496
1036 2    979 0.0000    979 0.4686    1 0.7464
1037 2    979 0.0000    979 0.4599    1 0.7182
1038 2    979 0.0000    979 0.4307    1 0.6796
1039 2    979 0.0000    979 0.4354    1 0.6234
1040 2    979 0.0000    979 0.4051    1 0.6190
1041 2    889 0.0000    889 0.3717    1 0.5684
1042 2    979 0.0000    979 0.4640    1 0.6380
1043 2    889 0.0000    889 0.4310    1 0.5779
1044 2    889 0.0000    889 0.4579    1 0.5866
1045 2    889 0.0000    889 0.4679    1 0.5854
1046 2    889 0.0000    889 0.3981    979 0.5504
1047 2    889 0.0000    889 0.4628    1 0.5925
1048 2    889 0.0000    889 0.3921    1 0.5981
1049 2    889 0.0000    889 0.4152    1 0.5765
1050 2    889 0.0000    889 0.4037    1 0.5748
1051 2    889 0.0000    889 0.4042    979 0.5797
1052 2    889 0.0000    889 0.4036    979 0.5737
1053 2    889 0.0000    889 0.4750    1 0.5786
1054 2    889 0.0000    889 0.4369    1 0.5562
1055 2    1 0.0000    1 0.4664    979 0.5363
1056 2    1 0.0000    1 0.4542    979 0.5693
1057 2    889 0.0000    889 0.4728    1 0.5143
1058 2    1 0.0000    1 0.4912    979 0.5139
1059 2    889 0.0000    889 0.4723    1 0.4952
1060 2    979 0.0000    979 0.4733    889 0.5069
1061 2    979 0.0000    979 0.4490    889 0.5531
1062 2    1 0.0000    1 0.5048    979 0.5188
1063 2    979 0.0000    979 0.4288    889 0.5877
1064 2    979 0.0000    979 0.4503    889 0.5545
1065 2    979 0.0000    979 0.4512    1 0.6037
1066 2    979 0.0000    979 0.4635    1 0.5978
1067 2    889 0.0000    889 0.4750    1 0.6503
1068 2    979 0.0000    979 0.4615    1 0.6530
1069 2    889 0.0000    889 0.4737    1 0.6189
1070 2    889 0.0000    889 0.4753    1 0.6929
1071 2    889 0.0000    889 0.4816    1 0.6804
1072 2    889 0.0000    889 0.4798    1 0.5948
1073 2    979 0.0000    979 0.4762    1 0.5637
1074 2    979 0.0000    979 0.4569    1 0.5360
1075 2    889 0.0000    889 0.4583    1 0.5387
1076 2    889 0.0000    889 0.4806    1 0.5642
1077 2    979 0.0000    979 0.4566    1 0.5506
1078 2    979 0.0000    979 0.4900    1 0.6334
1079 2    889 0.0000    889 0.4742    1 0.5837
1080 2    889 0.0000    889 0.4564    1 0.6018
1081 2    979 0.0000    979 0.4495    1 0.5660
1082 2    979 0.0000    979 0.4747    1 0.6065
1083 2    889 0.0000    889 0.4546    1 0.5512
1084 2    979 0.0000    979 0.4718    1 0.5863
1085 2    979 0.0000    979 0.4202    1 0.5943
1086 2    889 0.0000    889 0.4798    1 0.6222
1087 2    889 0.0000    889 0.4390    1 0.5690
1088 2    889 0.0000    889 0.4035    1 0.6127
1089 2    889 0.0000    889 0.3801    1 0.5790
1090 2    889 0.0000    889 0.4055    1 0.5364
1091 2    889 0.0000    889 0.4545    1 0.6199
1092 2    979 0.0000    979 0.4356    1 0.5565
1093 2    979 0.0000    979 0.3709    1 0.5138
1094 2    979 0.0000    979 0.3804    1 0.5425
1095 2    979 0.0000    979 0.4001    1 0.5842
1096 2    979 0.0000    979 0.3332    889 0.5602
1097 2    979 0.0000    979 0.3964    1 0.6009
1098 2    979 0.0000    979 0.3652    1 0.5690
1099 2    979 0.0000    979 0.3744    1 0.5639
1100 2    979 0.0000    979 0.4313    1 0.5818
1101 2    979 0.0000    979 0.4139    1 0.5389
1102 2    979 0.0000    979 0.4101    1 0.5445
1103 2    979 0.0000    979 0.3617    889 0.5124
1104 2    979 0.0000    979 0.3992    1 0.6351
1105 2    979 0.0000    979 0.3248    889 0.5489
1106 2    979 0.0000    979 0.3752    1 0.5341
1107 2    979 0.0000    979 0.3380    1 0.5406
1108 2    979 0.0000    979 0.3538    1 0.5545
1109 2    979 0.0000    979 0.3559    1 0.5477
1110 2    979 0.0000    979 0.4243    1 0.6068
1111 2    979 0.0000    979 0.4105    1 0.5419
1112 2    979 0.0000    979 0.3902    1 0.5254
1113 2    979 0.0000    979 0.3434    1 0.5553
1114 2    979 0.0000    979 0.4181    1 0.5506
1115 2    979 0.0000    979 0.3527    1 0.6114
1116 2    979 0.0000    979 0.3677    1 0.6129
1117 2    979 0.0000    979 0.3891    1 0.5551
1118 2    979 0.0000    979 0.3771    1 0.5689
1119 2    979 0.0000    979 0.3581    1 0.5471
1120 2    979 0.0000    979 0.3689    1 0.5084
1121 2    979 0.0000    979 0.3510    1 0.5398
1122 2    979 0.0000    979 0.3849    1 0.5725
1123 2    979 0.0000    979 0.3966    1 0.4922
1124 2    979 0.0000    979 0.3907    1 0.5680
1125 2    979 0.0000    979 0.3854    889 0.4628
1126 2    979 0.0000    979 0.4220    1 0.5263
1127 2    979 0.0000    979 0.4204    1 0.5131
1128 2    889 0.0000    889 0.4016    1 0.5189
1129 2    889 0.0000    889 0.4044    1 0.5185
1130 2    889 0.0000    889 0.3908    1 0.5050
1131 2    889 0.0000    889 0.3687    1 0.5074
1132 2    889 0.0000    889 0.3854    979 0.5141
1133 2    889 0.0000    889 0.4134    1 0.5395
1134 2    889 0.0000    889 0.3856    1 0.4694
1135 2    979 0.0000    979 0.4050    1 0.5641
1136 2    889 0.0000    889 0.3744    1 0.4804
1137 2    979 0.0000    979 0.4028    1 0.5150
1138 2    889 0.0000    889 0.4067    1 0.5282
1139 2    979 0.0000    979 0.4132    1 0.5511
1140 2    889 0.0000    889 0.3426    1 0.5400
1141 2    889 0.0000    889 0.3607    1 0.5434
1142 2    889 0.0000    889 0.3929    1 0.5850
1143 2    979 0.0000    979 0.4223    1 0.6042
1144 2    979 0.0000    979 0.3800    1 0.5171
1145 2    979 0.0000    979 0.4233    1 0.6040
1146 2    979 0.0000    979 0.4183    1 0.5684
1147 2    979 0.0000    979 0.3917    1 0.6031
1148 2    889 0.0000    889 0.4251    1 0.5921
1149 2    889 0.0000    889 0.3721    1 0.6077
1150 2    889 0.0000    889 0.3815    1 0.5555
1151 2    889 0.0000    889 0.4077    1 0.5678
1152 2    889 0.0000    889 0.3890    1 0.5498
1153 2    889 0.0000    889 0.3863    1 0.5256
1154 2    889 0.0000    889 0.4165    1 0.5605
1155 2    979 0.0000    979 0.3920    1 0.4621
1156 2    889 0.0000    889 0.3700    1 0.5492
1157 2    889 0.0000    889 0.4169    1 0.5313
1158 2    979 0.0000    979 0.3884    1 0.5201
1159 2    979 0.0000    979 0.3833    1 0.5484
1160 2    889 0.0000    889 0.4131    1 0.5491
1161 2    889 0.0000    889 0.3122    1 0.5176
1162 2    889 0.0000    889 0.2866    1 0.5362
1163 2    889 0.0000    889 0.3117    979 0.5772
1164 2    889 0.0000    889 0.3054    1 0.5791
1165 2    889 0.0000    889 0.3306    1 0.5964
1166 2    889 0.0000    889 0.3090    979 0.5144
1167 2    889 0.0000    889 0.2931    979 0.6141
1168 2    889 0.0000    889 0.3268    1 0.5623
1169 2    889 0.0000    889 0.3181    1 0.6566
1170 2    889 0.0000    889 0.3078    979 0.6535
1171 2    889 0.0000    889 0.3177    979 0.6372
1172 2    889 0.0000    889 0.3346    1 0.5536
1173 2    889 0.0000    889 0.3527    979 0.5219
1174 2    889 0.0000    889 0.3832    979 0.5365
1175 2    889 0.0000    889 0.3568    979 0.4745
1176 2    889 0.0000    889 0.3201    979 0.4825
1177 2    889 0.0000    889 0.3498    979 0.5005
1178 2    979 0.0000    979 0.4181    1 0.4289
1179 2    889 0.0000    889 0.3208    979 0.5562
1180 2    889 0.0000    889 0.2958    979 0.5420
1181 2    889 0.0000    889 0.3398    1 0.5075
1182 2    889 0.0000    889 0.3475    1 0.4987
1183 2    889 0.0000    889 0.3262    979 0.5293
1184 2    889 0.0000    889 0.3554    1 0.5265
1185 2    889 0.0000    889 0.3598    1 0.4931
1186 2    889 0.0000    889 0.3494    1 0.4999
1187 2    889 0.0000    889 0.3157    979 0.5261
1188 2    889 0.0000    889 0.2931    979 0.5461
1189 2    889 0.0000    889 0.3808    1 0.4822
1190 2    979 0.0000    979 0.4261    1 0.5464
1191 2    889 0.0000    889 0.3688    1 0.5066
1192 2    889 0.0000    889 0.3817    1 0.5284
1193 2    979 0.0000    979 0.4309    1 0.5436
1194 2    979 0.0000    979 0.4156    1 0.5205
1195 2    889 0.0000    889 0.3864    1 0.5333
1196 2    889 0.0000    889 0.3545    1 0.4810
1197 2    889 0.0000    889 0.3978    1 0.5176
1198 2    889 0.0000    889 0.3717    1 0.5035
1199 2    889 0.0000    889 0.3786    1 0.4947
1200 2    889 0.0000    889 0.3721    1 0.4721
1201 2    889 0.0000    889 0.4144    1 0.5583
1202 2    889 0.0000    889 0.3399    1 0.5221
1203 2    889 0.0000    889 0.3470    1 0.5141
1204 2    889 0.0000    889 0.3315    979 0.5071
1205 2    889 0.0000    889 0.3363    1 0.5277
1206 2    889 0.0000    889 0.3944    1 0.5149
1207 2    979 0.0000    979 0.4272    1 0.5564
1208 2    889 0.0000    889 0.4041    1 0.5199
1209 2    889 0.0000    889 0.4159    1 0.5313
1210 2    889 0.0000    889 0.4195    1 0.5934
1211 2    889 0.0000    889 0.4280    1 0.5848
1212 2    889 0.0000    889 0.4310    1 0.5691
1213 2    889 0.0000    889 0.4100    1 0.5323
1214 2    889 0.0000    889 0.3821    1 0.5156
1215 2    889 0.0000    889 0.3555    1 0.4693
1216 2    889 0.0000    889 0.3788    1 0.4778
1217 2    889 0.0000    889 0.3839    1 0.5284
1218 2    889 0.0000    889 0.3252    1 0.5057
1219 2    979 0.0000    979 0.4117    1 0.5632
1220 2    979 0.0000    979 0.3780    1 0.5483
1221 2    979 0.0000    979 0.3493    1 0.5634
1222 2    979 0.0000    979 0.3940    1 0.5735
1223 2    979 0.0000    979 0.3712    1 0.5756
1224 2    979 0.0000    979 0.3663    1 0.5694
1225 2    979 0.0000    979 0.3440    1 0.5326
1226 2    979 0.0000    979 0.3719    1 0.5980
1227 2    979 0.0000    979 0.4444    1 0.6233
1228 2    979 0.0000    979 0.3992    1 0.5821
1229 2    979 0.0000    979 0.4121    1 0.5719
1230 2    979 0.0000    979 0.4082    1 0.5796
1231 2    979 0.0000    979 0.3572    1 0.5203
1232 2    979 0.0000    979 0.3147    1 0.5670
1233 2    979 0.0000    979 0.3690    1 0.5255
1234 2    979 0.0000    979 0.2965    889 0.5386
1235 2    979 0.0000    979 0.3385    889 0.4694
1236 2    979 0.0000    979 0.3480    1 0.5246
1237 2    979 0.0000    979 0.3377    1 0.5181
1238 2    979 0.0000    979 0.3980    1 0.4829
1239 2    979 0.0000    979 0.3528    1 0.5121
1240 2    979 0.0000    979 0.3616    1 0.4838
1241 2    979 0.0000    979 0.3115    1 0.5309
1242 2    979 0.0000    979 0.3600    1 0.4972
1243 2    979 0.0000    979 0.3006    1 0.5146
1244 2    979 0.0000    979 0.3019    889 0.4810
1245 2    979 0.0000    979 0.3608    1 0.4933
1246 2    979 0.0000    979 0.3555    1 0.4582
1247 2    979 0.0000    979 0.3358    1 0.5019
1248 2    979 0.0000    979 0.3648    1 0.5094
1249 2    979 0.0000    979 0.3424    889 0.4924
1250 2    979 0.0000    979 0.2909    1 0.5204
1251 2    979 0.0000    979 0.3947    1 0.4821
1252 2    889 0.0000    889 0.3699    1 0.4457
1253 2    979 0.0000    979 0.3985    1 0.4686
1254 2    979 0.0000    979 0.3788    1 0.4776
1255 2    889 0.0000    889 0.3033    979 0.4727
1256 2    889 0.0000    889 0.3574    1 0.4998
1257 2    979 0.0000    979 0.3914    1 0.5151
1258 2    979 0.0000    979 0.3804    1 0.5398
1259 2    979 0.0000    979 0.3952    1 0.5918
1260 2    889 0.0000    889 0.3926    1 0.5540
1261 2    889 0.0000    889 0.3344    1 0.5192
1262 2    889 0.0000    889 0.3049    1 0.5182
1263 2    889 0.0000    889 0.2999    1 0.5965
1264 2    889 0.0000    889 0.3187    1 0.5197
1265 2    889 0.0000    889 0.3199    979 0.4907
1266 2    889 0.0000    889 0.3727    1 0.5382
1267 2    889 0.0000    889 0.3473    1 0.5747
1268 2    889 0.0000    889 0.2843    1 0.5516
1269 2    889 0.0000    889 0.2872    979 0.5152
1270 2    889 0.0000    889 0.3231    1 0.5344
1271 2    889 0.0000    889 0.3115    979 0.5225
1272 2    889 0.0000    889 0.3182    1 0.4978
1273 2    889 0.0000    889 0.3042    1 0.5214
1274 2    889 0.0000    889 0.2766    1 0.5419
1275 2    889 0.0000    889 0.2851    1 0.5512
1276 2    889 0.0000    889 0.2595    979 0.5615
1277 2    889 0.0000    889 0.3299    979 0.4608
1278 2    889 0.0000    889 0.2965    979 0.5073
1279 2    889 0.0000    889 0.2844    1 0.4987
1280 2    889 0.0000    889 0.2813    979 0.5458
1281 2    889 0.0000    889 0.4083    1 0.5736
1282 2    889 0.0000    889 0.3435    1 0.4947
1283 2    889 0.0000    889 0.3866    1 0.4865
1284 2    979 0.0000    979 0.3837    1 0.4928
1285 2    979 0.0000    979 0.3988    1 0.5505
1286 2    889 0.0000    889 0.3810    1 0.5239
1287 2    889 0.0000    889 0.3731    1 0.5402
1288 2    889 0.0000    889 0.3428    979 0.4934
1289 2    979 0.0000    979 0.3988    1 0.5336
1290 2    889 0.0000    889 0.3862    1 0.5440
1291 2    889 0.0000    889 0.3928    1 0.5410
1292 2    889 0.0000    889 0.4081    1 0.5234
1293 2    889 0.0000    889 0.4106    1 0.5412
1294 2    889 0.0000    889 0.4022    1 0.5423
1295 2    979 0.0000    979 0.3369    1 0.5380
1296 2    979 0.0000    979 0.4145    1 0.5420
1297 2    889 0.0000    889 0.4065    1 0.5519
1298 2    979 0.0000    979 0.3913    1 0.5419
1299 2    979 0.0000    979 0.3965    1 0.5187
1300 2    889 0.0000    889 0.4075    1 0.5550
1301 2    979 0.0000    979 0.3637    1 0.4725
1302 2    979 0.0000    979 0.3758    1 0.5084
1303 2    979 0.0000    979 0.3858    1 0.4995
1304 2    889 0.0000    889 0.3575    1 0.4863
1305 2    889 0.0000    889 0.3654    1 0.4865
1306 2    889 0.0000    889 0.3975    1 0.5069
1307 2    979 0.0000    979 0.3847    1 0.5195
1308 2    889 0.0000    889 0.3791    1 0.5001
1309 2    979 0.0000    979 0.3561    1 0.5325
1310 2    979 0.0000    979 0.3499    1 0.4919
1311 2    979 0.0000    979 0.3550    1 0.4787
1312 2    889 0.0000    889 0.3959    1 0.5045
1313 2    979 0.0000    979 0.4032    1 0.5270
1314 2    979 0.0000    979 0.3982    1 0.4752
1315 2    889 0.0000    889 0.3853    1 0.5294
1316 2    889 0.0000    889 0.3922    1 0.5255
1317 2    889 0.0000    889 0.4145    1 0.5165
1318 2    889 0.0000    889 0.3686    1 0.5151
1319 2    889 0.0000    889 0.3886    1 0.4878
1320 2    979 0.0000    979 0.3893    1 0.4821
1321 2    979 0.0000    979 0.3844    889 0.4639
1322 2    889 0.0000    889 0.3940    1 0.5099
1323 2    979 0.0000    979 0.4009    1 0.5080
1324 2    889 0.0000    889 0.3698    1 0.5463
1325 2    889 0.0000    889 0.4040    1 0.5341
1326 2    979 0.0000    979 0.3838    1 0.4852
1327 2    979 0.0000    979 0.3891    889 0.4453
1328 2    889 0.0000    889 0.4019    1 0.4442
1329 2    979 0.0000    979 0.3057    1 0.4950
1330 2    979 0.0000    979 0.3532    1 0.4697
1331 2    889 0.0000    889 0.4182    1 0.4914
1332 2    889 0.0000    889 0.3728    1 0.4144
1333 2    889 0.0000    889 0.4146    1 0.4380
1334 2    979 0.0000    979 0.3347    889 0.4861
1335 2    979 0.0000    979 0.3020    889 0.5377
1336 2    979 0.0000    979 0.2958    889 0.5418
1337 2    979 0.0000    979 0.3194    889 0.5760
1338 2    979 0.0000    979 0.3223    1 0.5112
1339 2    979 0.0000    979 0.3204    1 0.5728
1340 2    979 0.0000    979 0.3434    1 0.5212
1341 2    979 0.0000    979 0.3253    889 0.5000
1342 2    979 0.0000    979 0.2919    889 0.5153
1343 2    979 0.0000    979 0.2948    889 0.5777
1344 2    979 0.0000    979 0.3241    889 0.4710
1345 2    979 0.0000    979 0.3976    1 0.5174
1346 2    979 0.0000    979 0.4099    1 0.5518
1347 2    889 0.0000    889 0.3264    1 0.5604
1348 2    889 0.0000    889 0.3365    1 0.5120
1349 2    889 0.0000    889 0.3416    1 0.4937
1350 2    889 0.0000    889 0.3419    979 0.5687
1351 2    889 0.0000    889 0.3530    1 0.5236
1352 2    889 0.0000    889 0.3559    1 0.5258
1353 2    889 0.0000    889 0.3267    979 0.5249
1354 2    889 0.0000    889 0.3321    1 0.5115
1355 2    889 0.0000    889 0.4047    1 0.5290
1356 2    889 0.0000    889 0.3890    1 0.5403
1357 2    889 0.0000    889 0.3177    1 0.5689
1358 2    889 0.0000    889 0.3480    979 0.5281
1359 2    889 0.0000    889 0.2805    1 0.5385
1360 2    889 0.0000    889 0.2778    979 0.5345
1361 2    889 0.0000    889 0.3006    1 0.5242
1362 2    889 0.0000    889 0.3794    1 0.5419
1363 2    889 0.0000    889 0.4053    1 0.5772
1364 2    889 0.0000    889 0.3987    1 0.5036
1365 2    979 0.0000    979 0.4120    1 0.5584
1366 2    889 0.0000    889 0.3963    1 0.5457
1367 2    979 0.0000    979 0.4037    1 0.5516
1368 2    979 0.0000    979 0.4113    1 0.5509
1369 2    889 0.0000    889 0.4156    1 0.5266
1370 2    889 0.0000    889 0.4154    1 0.4573
1371 2    889 0.0000    889 0.4323    1 0.4617
1372 2    889 0.0000    889 0.4137    1 0.4801
1373 2    979 0.0000    979 0.3753    1 0.5147
1374 2    979 0.0000    979 0.3944    1 0.4781
1375 2    979 0.0000    979 0.3861    889 0.4491
1376 2    979 0.0000    979 0.3585    889 0.4735
1377 2    979 0.0000    979 0.3143    889 0.5632
1378 2    979 0.0000    979 0.2811    889 0.5578
1379 2    979 0.0000    979 0.3224    889 0.5586
1380 2    979 0.0000    979 0.3491    889 0.5085
1381 2    979 0.0000    979 0.3304    889 0.5063
1382 2    979 0.0000    979 0.3472    889 0.4577
1383 2    979 0.0000    979 0.4149    1 0.4637
1384 2    979 0.0000    979 0.3696    1 0.5144
1385 2    979 0.0000    979 0.3658    1 0.5468
1386 2    889 0.0000    889 0.3901    1 0.4823
1387 2    889 0.0000    889 0.3609    1 0.5250
1388 2    979 0.0000    979 0.4007    1 0.5039
1389 2    979 0.0000    979 0.4034    1 0.5691
1390 2    889 0.0000    889 0.4112    1 0.4510
1391 2    889 0.0000    889 0.4297    1 0.5590
1392 2    979 0.0000    979 0.4027    1 0.5422
1393 2    979 0.0000    979 0.4100    1 0.5102
1394 2    979 0.0000    979 0.4239    1 0.4658
1395 2    979 0.0000    979 0.3879    1 0.4562
1396 2    979 0.0000    979 0.3843    1 0.5122
1397 2    979 0.0000    979 0.4061    1 0.5201
1398 2    979 0.0000    979 0.3733    1 0.5129
1399 2    979 0.0000    979 0.3887    1 0.4827
1400 2    889 0.0000    889 0.4315    979 0.4386
1401 2    979 0.0000    979 0.3807    1 0.4712
1402 2    979 0.0000    979 0.3723    889 0.4714
1403 2    889 0.0000    889 0.3920    1 0.5032
1404 2    979 0.0000    979 0.4313    1 0.5602
1405 2    979 0.0000    979 0.3749    1 0.5253
1406 2    979 0.0000    979 0.3839    1 0.5386
1407 2    889 0.0000    889 0.4285    1 0.4731
1408 2    979 0.0000    979 0.4138    1 0.4920
1409 2    889 0.0000    889 0.4121    1 0.5411
1410 2    889 0.0000    889 0.4051    1 0.5558
1411 2    889 0.0000    889 0.4251    1 0.5579
1412 2    889 0.0000    889 0.4193    1 0.5867
1413 2    979 0.0000    979 0.4280    1 0.5713
1414 2    979 0.0000    979 0.3998    1 0.4795
1415 2    889 0.0000    889 0.4214    1 0.5086
1416 2    979 0.0000    979 0.4283    1 0.5625
1417 2    889 0.0000    889 0.4029    1 0.5794
1418 2    889 0.0000    889 0.4003    1 0.5035
1419 2    889 0.0000    889 0.3965    1 0.4850
1420 2    979 0.0000    979 0.4085    1 0.5115
1421 2    889 0.0000    889 0.4149    1 0.5077
1422 2    889 0.0000    889 0.4222    1 0.5339
1423 2    889 0.0000    889 0.3993    1 0.5093
1424 2    979 0.0000    979 0.3912    1 0.5126
1425 2    889 0.0000    889 0.4345    1 0.5728
1426 2    979 0.0000    979 0.4473    1 0.5403
1427 2    979 0.0000    979 0.4281    1 0.5445
1428 2    889 0.0000    889 0.4190    1 0.5381
1429 2    889 0.0000    889 0.4544    1 0.5672
1430 2    889 0.0000    889 0.3865    1 0.5416
1431 2    889 0.0000    889 0.3939    1 0.5123
1432 2    889 0.0000    889 0.4068    1 0.5498
1433 2    889 0.0000    889 0.4046    1 0.5105
1434 2    889 0.0000    889 0.4011    1 0.5562
1435 2    889 0.0000    889 0.4258    1 0.5221
1436 2    979 0.0000    979 0.4139    1 0.5139
1437 2    889 0.0000    889 0.4407    1 0.5162
1438 2    889 0.0000    889 0.4328    1 0.5649
1439 2    889 0.0000    889 0.3994    1 0.5643
1440 2    889 0.0000    889 0.4142    1 0.5638
1441 2    889 0.0000    889 0.3866    1 0.4925
1442 2    889 0.0000    889 0.4190    979 0.4855
1443 2    979 0.0000    979 0.4311    1 0.4664
1444 2    979 0.0000    979 0.4253    1 0.4545
1445 2    889 0.0000    889 0.4350    1 0.5552
1446 2    979 0.0000    979 0.4439    1 0.5344
1447 2    979 0.0000    979 0.4065    1 0.4596
1448 2    979 0.0000    979 0.4134    1 0.4961
1449 2    979 0.0000    979 0.3996    1 0.4910
1450 2    979 0.0000    979 0.4173    1 0.4309
1451 2    1 0.0000    1 0.3750    889 0.4514
1452 2    1 0.0000    1 0.3683    889 0.4416
1453 2    1 0.0000    1 0.3831    979 0.4426
1454 2    979 0.0000    979 0.4127    1 0.4801
1455 2    889 0.0000    889 0.3608    1 0.4870
1456 2    889 0.0000    889 0.3138    979 0.5196
1457 2    889 0.0000    889 0.3244    979 0.5209
1458 2    889 0.0000    889 0.3451    1 0.4640
1459 2    1 0.0000    1 0.3780    979 0.4817
1460 2    1 0.0000    1 0.3867    889 0.4589
1461 2    979 0.0000    979 0.3894    889 0.4907
1462 2    979 0.0000    979 0.2981    889 0.6404
1463 2    979 0.0000    979 0.4033    889 0.5490
1464 2    979 0.0000    979 0.4198    1 0.5123
1465 2    889 0.0000    889 0.4226    979 0.4603
1466 2    979 0.0000    979 0.4468    1 0.4886
1467 2    979 0.0000    979 0.3729    889 0.5315
1468 2    979 0.0000    979 0.3646    889 0.5872
1469 2    979 0.0000    979 0.3977    889 0.5214
1470 2    979 0.0000    979 0.3442    889 0.5553
1471 2    979 0.0000    979 0.2976    889 0.5806
1472 2    979 0.0000    979 0.2927    889 0.6705
1473 2    979 0.0000    979 0.2871    889 0.5691
1474 2    979 0.0000    979 0.2979    889 0.5748
1475 2    979 0.0000    979 0.2818    889 0.5684
1476 2    979 0.0000    979 0.3015    889 0.5291
1477 2    979 0.0000    979 0.2872    889 0.5721
1478 2    979 0.0000    979 0.3719    1 0.6347
1479 2    979 0.0000    979 0.3586    1 0.5528
1480 2    979 0.0000    979 0.3207    889 0.6534
1481 2    979 0.0000    979 0.3303    889 0.5655
1482 2    979 0.0000    979 0.3487    889 0.6384
1483 2    979 0.0000    979 0.3371    889 0.5741
1484 2    979 0.0000    979 0.3653    889 0.6404
1485 2    979 0.0000    979 0.3359    889 0.6451
1486 2    979 0.0000    979 0.3272    889 0.6500
1487 2    979 0.0000    979 0.3286    889 0.6491
1488 2    979 0.0000    979 0.3686    889 0.7200
1489 2    979 0.0000    979 0.3410    889 0.6804
1490 2    979 0.0000    979 0.3336    889 0.6783
1491 2    979 0.0000    979 0.3226    889 0.6864
1492 2    979 0.0000    979 0.3230    889 0.6800
1493 2    979 0.0000    979 0.3011    889 0.6600
1494 2    979 0.0000    979 0.3151    889 0.6715
1495 2    979 0.0000    979 0.2997    889 0.6588
1496 2    979 0.0000    979 0.3224    889 0.6335
1497 2    979 0.0000    979 0.3215    889 0.5715
1498 2    979 0.0000    979 0.3045    889 0.5703
1499 2    979 0.0000    979 0.3551    1 0.5926
1500 2    979 0.0000    979 0.3186    889 0.5641
1501 2    979 0.0000    979 0.3230    889 0.6125
1502 2    979 0.0000    979 0.3793    1 0.4794
1503 2    889 0.0000    889 0.3660    1 0.5480
1504 2    889 0.0000    889 0.3438    1 0.5792
1505 2    889 0.0000    889 0.3834    979 0.4340
1506 2    889 0.0000    889 0.3537    1 0.5075
1507 2    889 0.0000    889 0.3594    1 0.5168
1508 2    889 0.0000    889 0.3453    979 0.5313
1509 2    889 0.0000    889 0.3902    1 0.5246
1510 2    889 0.0000    889 0.3937    1 0.5113
1511 2    979 0.0000    979 0.3905    1 0.5364
1512 2    889 0.0000    889 0.4077    1 0.5762
1513 2    889 0.0000    889 0.4229    1 0.5369
1514 2    889 0.0000    889 0.4249    1 0.5921
1515 2    979 0.0000    979 0.3526    1 0.5598
1516 2    979 0.0000    979 0.3954    1 0.5638
1517 2    979 0.0000    979 0.4188    1 0.6283
1518 2    979 0.0000    979 0.4209    1 0.5615
1519 2    979 0.0000    979 0.3523    1 0.5528
1520 2    979 0.0000    979 0.4090    1 0.6759
1521 2    979 0.0000    979 0.3944    1 0.6419
1522 2    979 0.0000    979 0.3942    1 0.6820
1523 2    979 0.0000    979 0.4022    1 0.6482
1524 2    979 0.0000    979 0.3843    1 0.6989
1525 2    979 0.0000    979 0.3654    1 0.6088
1526 2    979 0.0000    979 0.3391    1 0.5731
1527 2    979 0.0000    979 0.3566    1 0.6187
1528 2    979 0.0000    979 0.3340    1 0.5768
1529 2    979 0.0000    979 0.3448    1 0.6060
1530 2    979 0.0000    979 0.3709    1 0.6337
1531 2    979 0.0000    979 0.3684    1 0.6438
1532 2    979 0.0000    979 0.3708    1 0.6635
1533 2    979 0.0000    979 0.3506    1 0.5976
1534 2    979 0.0000    979 0.3493    1 0.6430
1535 2    979 0.0000    979 0.3391    1 0.5659
1536 2    979 0.0000    979 0.3961    1 0.6459
1537 2    979 0.0000    979 0.3340    1 0.6338
1538 2    979 0.0000    979 0.3167    1 0.6090
1539 2    979 0.0000    979 0.3106    889 0.5609
1540 2    979 0.0000    979 0.3232    889 0.5481
1541 2    979 0.0000    979 0.3810    1 0.6303
1542 2    979 0.0000    979 0.4003    1 0.6703
1543 2    979 0.0000    979 0.3902    1 0.5651
1544 2    979 0.0000    979 0.4266    1 0.7048
1545 2    979 0.0000    979 0.4354    1 0.7528
1546 2    979 0.0000    979 0.3697    1 0.6880
1547 2    979 0.0000    979 0.4088    1 0.6231
1548 2    979 0.0000    979 0.4695    1 0.6832
1549 2    889 0.0000    889 0.3980    1 0.5377
1550 2    979 0.0000    979 0.4447    1 0.6108
1551 2    979 0.0000    979 0.4055    1 0.5062
1552 2    979 0.0000    979 0.3930    1 0.5179
1553 2    889 0.0000    889 0.4098    1 0.4421
1554 2    1 0.0000    1 0.3719    979 0.4461
1555 2    889 0.0000    889 0.3545    979 0.5148
1556 2    889 0.0000    889 0.4154    979 0.5802
1557 2    1 0.0000    1 0.3529    889 0.4704
1558 2    889 0.0000    889 0.3859    979 0.5688
1559 2    1 0.0000    1 0.3711    979 0.4868
1560 2    979 0.0000    979 0.3886    889 0.4509
1561 2    1 0.0000    1 0.3663    979 0.4831
1562 2    1 0.0000    1 0.3294    889 0.4411
1563 2    1 0.0000    1 0.3894    979 0.5192
1564 2    1 0.0000    1 0.3470    979 0.4100
1565 2    1 0.0000    1 0.3352    979 0.5081
1566 2    1 0.0000    1 0.3481    979 0.4886
1567 2    979 0.0000    979 0.3574    889 0.4700
1568 2    979 0.0000    979 0.3577    1 0.4836
1569 2    979 0.0000    979 0.3472    889 0.5017
1570 2    979 0.0000    979 0.3564    889 0.4920
1571 2    979 0.0000    979 0.2979    889 0.5174
1572 2    979 0.0000    979 0.3384    889 0.4833
1573 2    979 0.0000    979 0.3129    889 0.4805
1574 2    979 0.0000    979 0.2982    889 0.5225
1575 2    979 0.0000    979 0.3360    1 0.5090
1576 2    979 0.0000    979 0.3669    1 0.5282
1577 2    979 0.0000    979 0.3136    889 0.4726
1578 2    979 0.0000    979 0.3884    1 0.5293
1579 2    979 0.0000    979 0.3211    889 0.4765
1580 2    979 0.0000    979 0.3459    889 0.4725
1581 2    979 0.0000    979 0.3591    1 0.4692
1582 2    979 0.0000    979 0.3644    1 0.5111
1583 2    979 0.0000    979 0.3957    1 0.4868
1584 2    889 0.0000    889 0.3595    1 0.5182
1585 2    889 0.0000    889 0.3374    979 0.5105
1586 2    889 0.0000    889 0.3577    979 0.5139
1587 2    979 0.0000    979 0.3793    1 0.4522
1588 2    979 0.0000    979 0.3865    1 0.4700
1589 2    979 0.0000    979 0.4066    1 0.5152
1590 2    979 0.0000    979 0.3798    889 0.4565
1591 2    979 0.0000    979 0.3847    889 0.4396
1592 2    979 0.0000    979 0.3207    1 0.4917
1593 2    979 0.0000    979 0.3343    1 0.4758
1594 2    979 0.0000    979 0.2887    1 0.5129
1595 2    979 0.0000    979 0.3480    1 0.5398
1596 2    979 0.0000    979 0.3422    1 0.4825
1597 2    979 0.0000    979 0.3569    1 0.5247
1598 2    979 0.0000    979 0.3322    1 0.5208
1599 2    979 0.0000    979 0.3180    889 0.5371
1600 2    979 0.0000    979 0.3302    889 0.5639
1601 2    979 0.0000    979 0.3412    889 0.5173
1602 2    889 0.0000    889 0.4132    1 0.5544
1603 2    979 0.0000    979 0.3505    889 0.5534
1604 2    979 0.0000    979 0.3874    1 0.5495
1605 2    979 0.0000    979 0.4001    1 0.5184
1606 2    979 0.0000    979 0.4488    1 0.5362
1607 2    979 0.0000    979 0.4045    1 0.5482
1608 2    889 0.0000    889 0.3468    979 0.5441
1609 2    889 0.0000    889 0.3153    1 0.4835
1610 2    889 0.0000    889 0.3305    1 0.5541
1611 2    889 0.0000    889 0.2958    1 0.5480
1612 2    889 0.0000    889 0.3051    1 0.6358
1613 2    889 0.0000    889 0.2943    1 0.5887
1614 2    889 0.0000    889 0.2897    979 0.6296
1615 2    889 0.0000    889 0.2862    1 0.5977
1616 2    889 0.0000    889 0.3164    1 0.6896
1617 2    889 0.0000    889 0.3503    979 0.7535
1618 2    889 0.0000    889 0.3521    1 0.7088
1619 2    889 0.0000    889 0.3177    979 0.7206
1620 2    889 0.0000    889 0.2370    979 0.6579
1621 2    889 0.0000    889 0.2933    979 0.5872
1622 2    889 0.0000    889 0.2907    979 0.6289
1623 2    889 0.0000    889 0.3088    979 0.7201
1624 2    889 0.0000    889 0.2916    979 0.6487
1625 2    889 0.0000    889 0.2683    979 0.6625
1626 2    889 0.0000    889 0.2827    979 0.5671
1627 2    979 0.0000    979 0.3983    1 0.5432
1628 2    979 0.0000    979 0.3692    1 0.5104
1629 2    979 0.0000    979 0.3758    1 0.4997
1630 2    979 0.0000    979 0.3913    1 0.4957
1631 2    979 0.0000    979 0.3290    1 0.5194
1632 2    979 0.0000    979 0.3481    1 0.5764
1633 2    979 0.0000    979 0.3162    1 0.5728
1634 2    979 0.0000    979 0.2903    889 0.5546
1635 2    979 0.0000    979 0.3130    1 0.5691
1636 2    979 0.0000    979 0.3168    1 0.5638
1637 2    979 0.0000    979 0.3134    1 0.5349
1638 2    979 0.0000    979 0.3609    1 0.5911
1639 2    979 0.0000    979 0.3516    1 0.5503
1640 2    979 0.0000    979 0.3538    1 0.5687
1641 2    979 0.0000    979 0.3533    1 0.5680
1642 2    979 0.0000    979 0.3457    889 0.5356
1643 2    979 0.0000    979 0.3669    1 0.5958
1644 2    979 0.0000    979 0.4167    1 0.5389
1645 2    889 0.0000    889 0.3888    1 0.5638
1646 2    889 0.0000    889 0.4190    1 0.5118
1647 2    979 0.0000    979 0.3811    1 0.5254
1648 2    979 0.0000    979 0.3613    889 0.5158
1649 2    979 0.0000    979 0.3686    1 0.5550
1650 2    979 0.0000    979 0.3532    1 0.5793
1651 2    979 0.0000    979 0.3808    1 0.5465
1652 2    979 0.0000    979 0.3548    1 0.5839
1653 2    979 0.0000    979 0.3358    1 0.5849
1654 2    979 0.0000    979 0.3269    1 0.6323
1655 2    979 0.0000    979 0.3253    1 0.6436
1656 2    979 0.0000    979 0.3343    1 0.6323
1657 2    979 0.0000    979 0.3456    1 0.6016
1658 2    979 0.0000    979 0.3125    1 0.5313
1659 2    979 0.0000    979 0.3159    1 0.4879
1660 2    979 0.0000    979 0.2984    1 0.5003
1661 2    979 0.0000    979 0.3395    1 0.5033
1662 2    979 0.0000    979 0.3306    1 0.5374
1663 2    979 0.0000    979 0.3137    1 0.6297
1664 2    979 0.0000    979 0.3408    1 0.6330
1665 2    979 0.0000    979 0.3266    1 0.6454
1666 2    979 0.0000    979 0.3222    1 0.6515
1667 2    979 0.0000    979 0.3998    1 0.6949
1668 2    979 0.0000    979 0.3457    1 0.6664
1669 2    979 0.0000    979 0.3470    1 0.6406
1670 2    979 0.0000    979 0.3299    1 0.6467
1671 2    979 0.0000    979 0.3006    1 0.6104
1672 2    979 0.0000    979 0.2991    1 0.5865
1673 2    979 0.0000    979 0.3301    1 0.6273
1674 2    979 0.0000    979 0.3228    1 0.6136
1675 2    979 0.0000    979 0.3384    1 0.6199
1676 2    979 0.0000    979 0.3758    1 0.6768
1677 2    979 0.0000    979 0.3391    1 0.6767
1678 2    979 0.0000    979 0.3056    1 0.5895
1679 2    979 0.0000    979 0.3127    1 0.5985
1680 2    979 0.0000    979 0.3175    1 0.6163
1681 2    979 0.0000    979 0.3433    1 0.6394
1682 2    979 0.0000    979 0.2848    1 0.5852
1683 2    979 0.0000    979 0.3608    1 0.6585
1684 2    979 0.0000    979 0.3230    1 0.6457
1685 2    979 0.0000    979 0.3109    1 0.6198
1686 2    979 0.0000    979 0.2972    1 0.6034
1687 2    979 0.0000    979 0.3301    1 0.6278
1688 2    979 0.0000    979 0.3161    1 0.6001
1689 2    979 0.0000    979 0.3271    1 0.5489
1690 2    979 0.0000    979 0.3711    1 0.6795
1691 2    979 0.0000    979 0.3462    1 0.6798
1692 2    979 0.0000    979 0.2804    1 0.6240
1693 2    979 0.0000    979 0.3021    1 0.6152
1694 2    979 0.0000    979 0.3322    1 0.6385
1695 2    979 0.0000    979 0.3328    1 0.6135
1696 2    979 0.0000    979 0.2959    1 0.6191
1697 2    979 0.0000    979 0.3239    1 0.6182
1698 2    979 0.0000    979 0.2805    1 0.5739
1699 2    979 0.0000    979 0.2672    1 0.5938
1700 2    979 0.0000    979 0.2339    1 0.5970
1701 2    979 0.0000    979 0.2901    1 0.6028
1702 2    979 0.0000    979 0.3209    1 0.6478
1703 2    979 0.0000    979 0.3052    1 0.6213
1704 2    979 0.0000    979 0.2643    1 0.5392
1705 2    979 0.0000    979 0.2706    1 0.5680
1706 2    979 0.0000    979 0.3164    1 0.6368
1707 2    979 0.0000    979 0.3092    1 0.6428
1708 2    979 0.0000    979 0.3010    1 0.6350
1709 2    979 0.0000    979 0.3120    1 0.6663
1710 2    979 0.0000    979 0.3000    1 0.6150
1711 2    979 0.0000    979 0.3385    1 0.6532
1712 2    979 0.0000    979 0.3119    1 0.6420
1713 2    979 0.0000    979 0.3611    1 0.6628
1714 2    979 0.0000    979 0.3028    1 0.6507
1715 2    979 0.0000    979 0.2961    1 0.6844
1716 2    979 0.0000    979 0.3112    1 0.6216
1717 2    979 0.0000    979 0.2351    889 0.5821
1718 2    979 0.0000    979 0.2650    1 0.5321
1719 2    979 0.0000    979 0.2490    1 0.5876
1720 2    979 0.0000    979 0.2044    889 0.6092
1721 2    979 0.0000    979 0.2644    889 0.5937
1722 2    979 0.0000    979 0.2504    1 0.5967
1723 2    979 0.0000    979 0.2831    1 0.5832
1724 2    979 0.0000    979 0.2468    1 0.5737
1725 2    979 0.0000    979 0.2808    1 0.5482
1726 2    979 0.0000    979 0.2358    1 0.5728
1727 2    979 0.0000    979 0.2768    1 0.6067
1728 2    979 0.0000    979 0.2823    1 0.5958
1729 2    979 0.0000    979 0.2613    1 0.6178
1730 2    979 0.0000    979 0.2775    1 0.6298
1731 2    979 0.0000    979 0.2707    1 0.5885
1732 2    979 0.0000    979 0.2299    1 0.5948
1733 2    979 0.0000    979 0.2749    1 0.6209
1734 2    979 0.0000    979 0.3019    1 0.6292
1735 2    979 0.0000    979 0.3107    1 0.6354
1736 2    979 0.0000    979 0.3204    1 0.5034
1737 2    889 0.0000    889 0.3243    1 0.4654
1738 2    889 0.0000    889 0.2906    1 0.5166
1739 2    889 0.0000    889 0.2664    1 0.5155
1740 2    889 0.0000    889 0.3112    1 0.5570
1741 2    889 0.0000    889 0.2965    1 0.5398
1742 2    889 0.0000    889 0.2850    1 0.5134
1743 2    979 0.0000    979 0.2364    1 0.5787
1744 2    979 0.0000    979 0.2516    1 0.5712
1745 2    889 0.0000    889 0.2683    1 0.5673
1746 2    889 0.0000    889 0.2462    1 0.6113
1747 2    889 0.0000    889 0.2581    1 0.5438
1748 2    889 0.0000    889 0.2947    1 0.5724
1749 2    889 0.0000    889 0.2719    1 0.5456
1750 2    889 0.0000    889 0.3025    1 0.5633
1751 2    889 0.0000    889 0.3398    1 0.6103
1752 2    889 0.0000    889 0.3664    1 0.6591
1753 2    979 0.0000    979 0.3770    1 0.6610
1754 2    889 0.0000    889 0.3355    1 0.5899
1755 2    889 0.0000    889 0.2925    1 0.5707
1756 2    889 0.0000    889 0.3612    1 0.6474
1757 2    889 0.0000    889 0.3354    1 0.6246
1758 2    889 0.0000    889 0.2923    1 0.6169
1759 2    889 0.0000    889 0.3194    1 0.6557
1760 2    979 0.0000    979 0.3745    1 0.6810
1761 2    889 0.0000    889 0.3315    1 0.6374
1762 2    889 0.0000    889 0.2968    1 0.6310
1763 2    979 0.0000    979 0.3709    1 0.6730
1764 2    889 0.0000    889 0.3594    1 0.6623
1765 2    889 0.0000    889 0.2818    1 0.5750
1766 2    889 0.0000    889 0.2233    1 0.5874
1767 2    889 0.0000    889 0.2235    1 0.5831
1768 2    889 0.0000    889 0.2727    1 0.5806
1769 2    889 0.0000    889 0.3271    1 0.6107
1770 2    889 0.0000    889 0.2789    1 0.6180
1771 2    889 0.0000    889 0.3425    1 0.6396
1772 2    889 0.0000    889 0.3051    1 0.6271
1773 2    889 0.0000    889 0.2903    1 0.6147
1774 2    979 0.0000    979 0.3625    1 0.6530
1775 2    979 0.0000    979 0.3847    1 0.6761
1776 2    979 0.0000    979 0.3785    1 0.6866
1777 2    889 0.0000    889 0.3930    1 0.7009
1778 2    889 0.0000    889 0.3759    1 0.6738
1779 2    979 0.0000    979 0.3505    1 0.6227
1780 2    979 0.0000    979 0.3087    1 0.5491
1781 2    889 0.0000    889 0.3442    1 0.5967
1782 2    979 0.0000    979 0.3564    1 0.6700
1783 2    979 0.0000    979 0.3448    1 0.6592
1784 2    979 0.0000    979 0.3671    1 0.6635
1785 2    979 0.0000    979 0.3674    1 0.6505
1786 2    979 0.0000    979 0.3567    1 0.6596
1787 2    979 0.0000    979 0.3521    1 0.6580
1788 2    979 0.0000    979 0.2899    1 0.6440
1789 2    979 0.0000    979 0.3147    1 0.6393
1790 2    979 0.0000    979 0.3342    1 0.6543
1791 2    979 0.0000    979 0.3115    1 0.6552
1792 2    889 0.0000    889 0.3907    1 0.6598
1793 2    889 0.0000    889 0.3447    1 0.6366
1794 2    979 0.0000    979 0.3826    1 0.6904
1795 2    979 0.0000    979 0.2564    1 0.6263
1796 2    979 0.0000    979 0.2890    1 0.6318
1797 2    979 0.0000    979 0.2651    1 0.6276
1798 2    979 0.0000    979 0.3153    1 0.6832
1799 2    979 0.0000    979 0.3090    1 0.6567
1800 2    979 0.0000    979 0.3376    1 0.7108
1801 2    979 0.0000    979 0.3257    1 0.6969
1802 2    979 0.0000    979 0.3855    1 0.7609
1803 2    979 0.0000    979 0.3639    1 0.7289
1804 2    979 0.0000    979 0.3860    1 0.7704
1805 2    979 0.0000    979 0.3839    1 0.7574
1806 2    979 0.0000    979 0.3663    1 0.7436
1807 2    979 0.0000    979 0.3523    1 0.7354
1808 2    979 0.0000    979 0.3547    1 0.7015
1809 2    979 0.0000    979 0.3681    1 0.6868
1810 2    979 0.0000    979 0.3670    1 0.7257
1811 2    979 0.0000    979 0.3792    1 0.6714
1812 2    979 0.0000    979 0.3682    1 0.6425
1813 2    979 0.0000    979 0.3723    1 0.6931
1814 2    979 0.0000    979 0.3668    1 0.6941
1815 2    979 0.0000    979 0.3617    1 0.6878
1816 2    979 0.0000    979 0.3561    1 0.7024
1817 2    979 0.0000    979 0.3540    1 0.7026
1818 2    979 0.0000    979 0.3487    1 0.7027
1819 2    979 0.0000    979 0.3612    1 0.7018
1820 2    979 0.0000    979 0.3696    1 0.7112
1821 2    979 0.0000    979 0.3704    1 0.7145
1822 2    979 0.0000    979 0.3705    1 0.6935
1823 2    979 0.0000    979 0.3637    1 0.6658
1824 2    979 0.0000    979 0.3483    1 0.7170
1825 2    979 0.0000    979 0.2893    1 0.6720
1826 2    979 0.0000    979 0.3396    1 0.7535
1827 2    979 0.0000    979 0.3727    1 0.7378
1828 2    979 0.0000    979 0.3446    1 0.7187
1829 2    979 0.0000    979 0.3612    1 0.7618
1830 2    979 0.0000    979 0.3563    1 0.7200
1831 2    979 0.0000    979 0.3579    1 0.7020
1832 2    979 0.0000    979 0.3757    1 0.7360
1833 2    979 0.0000    979 0.3697    1 0.7265
1834 2    979 0.0000    979 0.3769    1 0.7634
1835 2    979 0.0000    979 0.3782    1 0.7519
1836 2    979 0.0000    979 0.3620    1 0.7601
1837 2    979 0.0000    979 0.3660    1 0.7922
1838 2    979 0.0000    979 0.3566    1 0.7842
1839 2    979 0.0000    979 0.3530    1 0.7476
1840 2    979 0.0000    979 0.3531    1 0.7418
1841 2    979 0.0000    979 0.3759    1 0.7276
1842 2    979 0.0000    979 0.3634    1 0.7422
1843 2    979 0.0000    979 0.3726    1 0.7416
1844 2    979 0.0000    979 0.3443    1 0.7183
1845 2    979 0.0000    979 0.2951    1 0.6803
1846 2    979 0.0000    979 0.2703    1 0.6335
1847 2    979 0.0000    979 0.2968    1 0.5709
1848 2    979 0.0000    979 0.3327    1 0.5615
1849 2    979 0.0000    979 0.3196    1 0.6051
1850 2    979 0.0000    979 0.2962    1 0.5974
1851 2    979 0.0000    979 0.3130    1 0.6288
1852 2    979 0.0000    979 0.2628    1 0.6126
1853 2    979 0.0000    979 0.2434    1 0.6115
1854 2    979 0.0000    979 0.2643    1 0.6137
1855 2    979 0.0000    979 0.2684    1 0.6081
1856 2    979 0.0000    979 0.2633    1 0.6507
1857 2    979 0.0000    979 0.2472    1 0.6266
1858 2    979 0.0000    979 0.2734    1 0.6179
1859 2    979 0.0000    979 0.2357    1 0.5919
1860 2    979 0.0000    979 0.2680    1 0.6000
1861 2    979 0.0000    979 0.2629    1 0.6577
1862 2    979 0.0000    979 0.2501    1 0.6198
1863 2    979 0.0000    979 0.2309    1 0.5944
1864 2    979 0.0000    979 0.2693    1 0.6148
1865 2    979 0.0000    979 0.2759    1 0.6375
1866 2    979 0.0000    979 0.2811    1 0.6291
1867 2    979 0.0000    979 0.3256    1 0.5620
1868 2    979 0.0000    979 0.2864    1 0.5780
1869 2    979 0.0000    979 0.3219    1 0.6353
1870 2    979 0.0000    979 0.3141    1 0.5645
1871 2    979 0.0000    979 0.3407    1 0.5129
1872 2    979 0.0000    979 0.2713    1 0.5092
1873 2    979 0.0000    979 0.3144    1 0.5365
1874 2    979 0.0000    979 0.3169    1 0.5610
1875 2    889 0.0000    889 0.3139    1 0.4889
1876 2    979 0.0000    979 0.2937    1 0.5151
1877 2    979 0.0000    979 0.2806    1 0.5349
1878 2    979 0.0000    979 0.2947    1 0.4924
1879 2    979 0.0000    979 0.3189    1 0.5141
1880 2    979 0.0000    979 0.2928    1 0.4825
1881 2    979 0.0000    979 0.2728    1 0.5103
1882 2    979 0.0000    979 0.3077    1 0.4995
1883 2    889 0.0000    889 0.3167    1 0.5086
1884 2    889 0.0000    889 0.2055    1 0.4453
1885 2    889 0.0000    889 0.1510    1 0.4796
1886 2    889 0.0000    889 0.2649    1 0.4489
1887 2    889 0.0000    889 0.1031    979 0.5380
1888 2    889 0.0000    889 0.0977    1 0.5980
1889 2    889 0.5502    1 0.5502    979 0.5558
1890 2    889 0.0000    889 0.1868    1 0.5175
1891 2    889 0.0000    889 0.2592    1 0.4870
1892 2    889 0.0000    889 0.3011    1 0.4950
1893 2    889 0.0000    889 0.3423    1 0.5006
1894 2    889 0.0000    889 0.3840    1 0.5257
1895 2    889 0.0000    889 0.3385    1 0.5354
1896 2    889 0.0000    889 0.3324    1 0.5118
1897 2    889 0.0000    889 0.3228    1 0.4973
1898 2    889 0.0000    889 0.3180    1 0.4933
1899 2    889 0.0000    889 0.2787    1 0.4935
1900 2    889 0.0000    889 0.3134    1 0.5113
1901 2    979 0.0000    979 0.3667    1 0.5626
1902 2    979 0.0000    979 0.2604    1 0.6133
1903 2    979 0.0000    979 0.2903    1 0.5314
1904 2    979 0.0000    979 0.2814    1 0.5865
1905 2    979 0.0000    979 0.3134    1 0.5338
1906 2    979 0.0000    979 0.2120    1 0.5683
1907 2    979 0.0000    979 0.2587    1 0.5872
1908 2    979 0.0000    979 0.2195    1 0.5355
1909 2    979 0.0000    979 0.2289    1 0.5823
1910 2    979 0.0000    979 0.2397    1 0.5653
1911 2    979 0.0000    979 0.2180    1 0.5641
1912 2    979 0.0000    979 0.2318    1 0.5934
1913 2    979 0.0000    979 0.2299    1 0.5454
1914 2    979 0.0000    979 0.2226    1 0.5826
1915 2    979 0.0000    979 0.2394    1 0.5590
1916 2    979 0.0000    979 0.2111    1 0.5805
1917 2    979 0.0000    979 0.1931    1 0.6004
1918 2    979 0.0000    979 0.2075    1 0.5804
1919 2    979 0.0000    979 0.2305    1 0.6149
1920 2    979 0.0000    979 0.2397    1 0.6562
1921 2    979 0.0000    979 0.2274    1 0.6334
1922 2    979 0.0000    979 0.2040    1 0.5896
1923 2    979 0.0000    979 0.2745    1 0.5887
1924 2    979 0.0000    979 0.2385    1 0.5916
1925 2    979 0.0000    979 0.2344    1 0.5972
1926 2    979 0.0000    979 0.2302    1 0.5737
1927 2    979 0.0000    979 0.2325    1 0.6246
1928 2    979 0.0000    979 0.2881    1 0.6696
1929 2    979 0.0000    979 0.2175    1 0.6244
1930 2    979 0.0000    979 0.1783    1 0.5480
1931 2    979 0.0000    979 0.2750    1 0.5211
1932 2    979 0.0000    979 0.2172    1 0.5483
1933 2    979 0.0000    979 0.2542    1 0.5817
1934 2    979 0.0000    979 0.2231    1 0.5480
1935 2    979 0.0000    979 0.1740    1 0.5130
1936 2    979 0.0000    979 0.2833    1 0.4715
1937 2    979 0.0000    979 0.2141    1 0.5318
1938 2    979 0.0000    979 0.2399    1 0.5027
1939 2    979 0.0000    979 0.1897    1 0.5245
1940 2    979 0.0000    979 0.1715    1 0.5014
1941 2    979 0.0000    979 0.1525    889 0.5484
1942 2    979 0.0000    979 0.2347    1 0.5188
1943 2    979 0.0000    979 0.1883    1 0.5139
1944 2    979 0.0000    979 0.2338    1 0.4753
1945 2    979 0.0000    979 0.2448    889 0.5724
1946 2    979 0.0000    979 0.2703    889 0.5713
1947 2    979 0.0000    979 0.2470    889 0.5786
1948 2    979 0.0000    979 0.1890    1 0.5554
1949 2    979 0.0000    979 0.1486    889 0.5959
1950 2    979 0.0000    979 0.1756    889 0.5777
1951 2    979 0.0000    979 0.1977    1 0.6102
1952 2    979 0.0000    979 0.2178    1 0.6242
1953 2    979 0.0000    979 0.1899    889 0.6495
1954 2    979 0.0000    979 0.2107    1 0.6083
1955 2    979 0.0000    979 0.2327    1 0.6627
1956 2    979 0.0000    979 0.2216    1 0.6293
1957 2    979 0.0000    979 0.2139    1 0.6147
1958 2    979 0.0000    979 0.1627    889 0.6149
1959 2    979 0.0000    979 0.1732    889 0.6052
1960 2    979 0.0000    979 0.1747    1 0.5731
1961 2    979 0.0000    979 0.1877    1 0.6210
1962 2    979 0.0000    979 0.2412    1 0.6213
1963 2    979 0.0000    979 0.1627    1 0.5656
1964 2    979 0.0000    979 0.1547    889 0.5840
1965 2    979 0.0000    979 0.1965    1 0.6003
1966 2    979 0.0000    979 0.1922    1 0.5581
1967 2    979 0.0000    979 0.1735    1 0.5574
1968 2    979 0.0000    979 0.2153    889 0.5760
1969 2    979 0.0000    979 0.1882    889 0.5591
1970 2    979 0.0000    979 0.1556    1 0.6144
1971 2    979 0.0000    979 0.1249    1 0.5988
1972 2    979 0.0000    979 0.1247    1 0.5940
1973 2    979 0.0000    979 0.0972    889 0.5981
1974 2    979 0.0000    979 0.1223    1 0.6137
1975 2    979 0.0000    979 0.1237    1 0.6107
1976 2    979 0.0000    979 0.1486    889 0.5988
1977 2    979 0.0000    979 0.1327    1 0.5962
1978 2    979 0.0000    979 0.1207    1 0.5938
1979 2    979 0.5546    1 0.5535    889 0.5558
1980 2    979 0.0000    979 0.1011    889 0.5450
1981 2    979 0.0000    979 0.0880    1 0.5516
1982 2    979 0.0000    979 0.1206    889 0.5984
1983 2    979 0.0000    979 0.0983    1 0.5814
1984 2    979 0.0000    979 0.1006    1 0.5491
1985 2    979 0.0000    979 0.0927    889 0.5826
1986 2    979 0.0000    979 0.1147    889 0.5811
1987 2    979 0.0000    979 0.1042    889 0.5687
1988 2    979 0.0000    979 0.1183    1 0.5219
1989 2    979 0.0000    979 0.1219    1 0.5387
1990 2    979 0.0000    979 0.1103    889 0.5046
1991 2    979 0.0000    979 0.1669    1 0.4755
1992 2    979 0.0000    979 0.1720    1 0.4885
1993 2    979 0.0000    979 0.1399    889 0.4843
1994 2    979 0.0000    979 0.1292    889 0.5527
1995 2    979 0.0000    979 0.0953    889 0.5819
1996 2    979 0.0000    979 0.1198    889 0.5925
1997 2    979 0.0000    979 0.1230    1 0.6028
1998 2    979 0.0000    979 0.1048    889 0.5366
1999 2    979 0.0000    979 0.1315    889 0.4996
2000 2    979 0.0000    979 0.0935    1 0.5774
2001 2    979 0.0000    979 0.1623    1 0.6238
