# This File stores the ClusterProfile/Centers using >>ClosestCenters<< of the given TrajNameList
# elapsed time: 0.05 seconds
# Threshold = 0.4
# TrajNameList = ['V3_Gromacs1_stripped', 'V3_Gromacs2_stripped']
# TrjLenList = [1001, 1001]
# updated TrjLenList = [1001, 1001]
# TimeStep = 0.1
# StartFrame = 0
# EndingFrame = 1001
# *******
# LOCAL PROFILE: Radius = 0.4
# *******
# 
#                |                       Radius = 0.4                            |
#                |  eff Clust     |    next Center   |     farthest Center      |
# Frame | TrajNr | PROF | effRMSD | nextC | nextRMSD | farthestC | farthestRMSD |
#                           
0 1    1 0.0000    237 0.4000    378 0.7862
1 1    1 0.0000    1 0.1474    378 0.7571
2 1    90 0.0000    90 0.2542    378 0.8237
3 1    265 0.0000    265 0.2939    378 0.8605
4 1    1 0.0000    1 0.2266    378 0.8675
5 1    1 0.0000    1 0.1787    378 0.8451
6 1    1 0.0000    1 0.2307    378 0.8451
7 1    90 0.0000    90 0.2409    378 0.8132
8 1    90 0.0000    90 0.2987    378 0.7958
9 1    90 0.0000    90 0.2020    378 0.8596
10 1    90 0.0000    90 0.2345    378 0.8690
11 1    90 0.0000    90 0.2831    378 0.8689
12 1    90 0.0000    90 0.1750    378 0.9008
13 1    90 0.0000    90 0.2068    378 0.9050
14 1    90 0.0000    90 0.2126    378 0.9134
15 1    90 0.0000    90 0.2619    378 0.8297
16 1    90 0.0000    90 0.2204    378 0.8407
17 1    1 0.0000    1 0.2075    378 0.8318
18 1    1 0.0000    1 0.2648    378 0.8383
19 1    1 0.0000    1 0.2436    378 0.7805
20 1    1 0.0000    1 0.3305    378 0.7840
21 1    1 0.0000    1 0.2466    378 0.8447
22 1    1 0.0000    1 0.2119    378 0.8701
23 1    1 0.0000    1 0.2386    378 0.8432
24 1    1 0.0000    1 0.2816    378 0.8611
25 1    90 0.0000    90 0.2879    378 0.8903
26 1    90 0.0000    90 0.2914    378 0.8841
27 1    90 0.0000    90 0.2879    378 0.8588
28 1    90 0.0000    90 0.2346    378 0.8842
29 1    90 0.0000    90 0.2441    378 0.8816
30 1    90 0.0000    90 0.2814    378 0.9075
31 1    90 0.0000    90 0.2768    378 0.8953
32 1    90 0.0000    90 0.3422    378 0.8284
33 1    90 0.0000    90 0.3147    378 0.8442
34 1    90 0.0000    90 0.2729    378 0.8858
35 1    90 0.0000    90 0.2728    378 0.8318
36 1    90 0.0000    90 0.3032    378 0.8549
37 1    90 0.0000    90 0.1868    378 0.8778
38 1    90 0.0000    90 0.2072    378 0.8777
39 1    90 0.0000    90 0.2333    378 0.8989
40 1    90 0.0000    90 0.2597    378 0.9014
41 1    1 0.0000    1 0.2941    378 0.8875
42 1    90 0.0000    90 0.2170    378 0.8622
43 1    90 0.0000    90 0.2504    378 0.9083
44 1    1 0.0000    1 0.2495    378 0.8496
45 1    1 0.0000    1 0.2359    378 0.7916
46 1    90 0.0000    90 0.2928    378 0.8605
47 1    1 0.0000    1 0.2801    378 0.8484
48 1    90 0.0000    90 0.2650    378 0.8672
49 1    1 0.0000    1 0.2604    378 0.8245
50 1    1 0.0000    1 0.2650    378 0.8098
51 1    237 0.0000    237 0.2942    378 0.7264
52 1    237 0.0000    237 0.3075    378 0.7189
53 1    237 0.0000    237 0.2914    378 0.7711
54 1    237 0.0000    237 0.2742    378 0.7985
55 1    237 0.0000    237 0.3419    378 0.7473
56 1    237 0.0000    237 0.3201    378 0.7000
57 1    237 0.0000    237 0.3408    378 0.6982
58 1    237 0.0000    237 0.3256    378 0.7742
59 1    237 0.0000    237 0.2383    378 0.8082
60 1    1 0.0000    1 0.2763    378 0.7980
61 1    237 0.0000    237 0.2776    378 0.7128
62 1    237 0.0000    237 0.2773    378 0.7564
63 1    1 0.0000    1 0.2555    378 0.8052
64 1    1 0.0000    1 0.2414    378 0.8342
65 1    1 0.0000    1 0.2356    378 0.7888
66 1    1 0.0000    1 0.2414    378 0.7920
67 1    237 0.0000    237 0.2215    378 0.8012
68 1    1 0.0000    1 0.2788    378 0.8194
69 1    90 0.0000    90 0.2810    378 0.8677
70 1    90 0.0000    90 0.1992    378 0.8695
71 1    1 0.0000    1 0.2326    378 0.8488
72 1    237 0.0000    237 0.2328    378 0.7688
73 1    237 0.0000    237 0.2410    378 0.8010
74 1    90 0.0000    90 0.2528    378 0.8223
75 1    1 0.0000    1 0.2185    378 0.8152
76 1    237 0.0000    237 0.2683    378 0.7895
77 1    237 0.0000    237 0.2245    378 0.7447
78 1    1 0.0000    1 0.2606    378 0.7948
79 1    237 0.0000    237 0.3034    378 0.7117
80 1    237 0.0000    237 0.2429    378 0.8138
81 1    1 0.0000    1 0.2738    378 0.8185
82 1    1 0.0000    1 0.2407    378 0.8457
83 1    1 0.0000    1 0.2813    378 0.7242
84 1    1 0.0000    1 0.2681    378 0.8665
85 1    90 0.0000    90 0.2380    378 0.8670
86 1    1 0.0000    1 0.2819    378 0.8556
87 1    1 0.0000    1 0.2533    378 0.8299
88 1    90 0.0000    90 0.1451    378 0.8907
89 1    90 0.4191    265 0.4030    378 0.9063
90 1    90 0.0000    90 0.1903    378 0.9303
91 1    1 0.0000    1 0.2207    378 0.8780
92 1    1 0.0000    1 0.2380    378 0.8663
93 1    1 0.0000    1 0.2790    378 0.7942
94 1    1 0.0000    1 0.2520    378 0.8540
95 1    1 0.0000    1 0.2434    378 0.8867
96 1    90 0.0000    90 0.1951    378 0.9174
97 1    90 0.0000    90 0.2312    378 0.9185
98 1    1 0.0000    1 0.2605    378 0.8201
99 1    1 0.0000    1 0.2152    378 0.8640
100 1    90 0.0000    90 0.1832    378 0.9094
101 1    90 0.0000    90 0.2375    378 0.8432
102 1    1 0.0000    1 0.2532    378 0.8424
103 1    90 0.0000    90 0.2328    378 0.8544
104 1    90 0.0000    90 0.2697    378 0.8472
105 1    1 0.0000    1 0.2418    378 0.8376
106 1    1 0.0000    1 0.2235    378 0.8278
107 1    237 0.0000    237 0.2419    378 0.8327
108 1    237 0.0000    237 0.2201    378 0.7786
109 1    237 0.0000    237 0.2654    378 0.7785
110 1    237 0.0000    237 0.2426    378 0.7638
111 1    1 0.0000    1 0.2508    378 0.8081
112 1    1 0.0000    1 0.2500    378 0.8452
113 1    1 0.0000    1 0.3054    378 0.7751
114 1    1 0.0000    1 0.2959    378 0.7732
115 1    1 0.0000    1 0.2934    378 0.7958
116 1    1 0.0000    1 0.2849    378 0.7656
117 1    1 0.0000    1 0.3423    378 0.7349
118 1    1 0.0000    1 0.2680    378 0.8176
119 1    90 0.0000    90 0.2907    378 0.8548
120 1    1 0.0000    1 0.2966    378 0.8445
121 1    237 0.0000    237 0.2503    378 0.7995
122 1    1 0.0000    1 0.3094    378 0.8031
123 1    237 0.0000    237 0.2896    378 0.7491
124 1    237 0.0000    237 0.2906    378 0.7963
125 1    237 0.0000    237 0.3012    378 0.7878
126 1    1 0.0000    1 0.2682    378 0.7910
127 1    1 0.0000    1 0.3005    378 0.7972
128 1    1 0.0000    1 0.2779    378 0.8280
129 1    237 0.0000    237 0.2389    378 0.8019
130 1    237 0.0000    237 0.2738    378 0.7130
131 1    237 0.0000    237 0.1906    378 0.7541
132 1    237 0.0000    237 0.2387    378 0.7924
133 1    237 0.0000    237 0.1994    378 0.8024
134 1    237 0.0000    237 0.2657    378 0.8259
135 1    1 0.0000    1 0.2559    378 0.7412
136 1    1 0.0000    1 0.2407    378 0.8177
137 1    1 0.0000    1 0.2465    378 0.7919
138 1    1 0.0000    1 0.2215    378 0.8390
139 1    237 0.0000    237 0.1880    378 0.7625
140 1    1 0.0000    1 0.2088    378 0.7599
141 1    237 0.0000    237 0.2547    378 0.7979
142 1    237 0.0000    237 0.2401    378 0.7512
143 1    1 0.0000    1 0.2262    378 0.7734
144 1    237 0.0000    237 0.2574    378 0.7624
145 1    1 0.0000    1 0.2631    378 0.8078
146 1    1 0.0000    1 0.2617    378 0.8275
147 1    1 0.0000    1 0.2819    378 0.7684
148 1    1 0.0000    1 0.3146    378 0.7365
149 1    1 0.0000    1 0.3130    378 0.7556
150 1    237 0.0000    237 0.2425    378 0.7647
151 1    1 0.0000    1 0.2726    378 0.7306
152 1    237 0.0000    237 0.2698    378 0.7515
153 1    237 0.0000    237 0.2409    378 0.7515
154 1    237 0.0000    237 0.2435    378 0.7622
155 1    237 0.0000    237 0.2592    378 0.7322
156 1    237 0.0000    237 0.2334    378 0.7346
157 1    237 0.0000    237 0.2513    378 0.7114
158 1    237 0.0000    237 0.2502    378 0.7461
159 1    237 0.0000    237 0.2425    378 0.7169
160 1    237 0.0000    237 0.2689    378 0.7838
161 1    237 0.0000    237 0.2455    378 0.8037
162 1    237 0.0000    237 0.2488    378 0.7354
163 1    237 0.0000    237 0.2117    378 0.7677
164 1    1 0.0000    1 0.2464    378 0.7766
165 1    237 0.0000    237 0.2439    378 0.7744
166 1    237 0.0000    237 0.2342    378 0.7780
167 1    237 0.0000    237 0.2357    378 0.8104
168 1    237 0.0000    237 0.2182    378 0.7566
169 1    237 0.0000    237 0.2603    378 0.7675
170 1    237 0.0000    237 0.2452    378 0.8067
171 1    237 0.0000    237 0.2656    378 0.7415
172 1    237 0.0000    237 0.2055    378 0.7182
173 1    237 0.0000    237 0.2507    378 0.6905
174 1    237 0.0000    237 0.3495    90 0.7063
175 1    237 0.0000    237 0.3251    378 0.6965
176 1    237 0.0000    237 0.3332    90 0.6877
177 1    237 0.0000    237 0.3400    90 0.6999
178 1    237 0.0000    237 0.2940    378 0.6591
179 1    237 0.0000    237 0.3061    378 0.6653
180 1    237 0.0000    237 0.3329    378 0.6975
181 1    237 0.0000    237 0.2419    378 0.7165
182 1    237 0.0000    237 0.2170    378 0.7337
183 1    237 0.0000    237 0.2123    378 0.7037
184 1    237 0.0000    237 0.1812    378 0.7074
185 1    237 0.0000    237 0.2578    378 0.6893
186 1    237 0.0000    237 0.2521    378 0.6865
187 1    237 0.0000    237 0.3657    90 0.7160
188 1    237 0.0000    237 0.3339    90 0.6962
189 1    237 0.0000    237 0.2127    378 0.7355
190 1    237 0.0000    237 0.1887    378 0.7842
191 1    237 0.0000    237 0.2681    378 0.6912
192 1    237 0.0000    237 0.2213    378 0.6901
193 1    237 0.0000    237 0.3228    90 0.6905
194 1    237 0.0000    237 0.1877    378 0.7215
195 1    237 0.0000    237 0.1620    378 0.7287
196 1    237 0.0000    237 0.1766    378 0.7222
197 1    237 0.0000    237 0.2481    378 0.6829
198 1    237 0.0000    237 0.2740    378 0.6470
199 1    237 0.0000    237 0.2958    378 0.6489
200 1    237 0.0000    237 0.2672    378 0.6799
201 1    237 0.0000    237 0.2403    378 0.7610
202 1    237 0.0000    237 0.2815    378 0.7178
203 1    237 0.0000    237 0.2931    378 0.6389
204 1    237 0.0000    237 0.2024    378 0.6899
205 1    237 0.0000    237 0.2080    378 0.6925
206 1    1 0.0000    1 0.2546    378 0.7610
207 1    237 0.0000    237 0.2728    378 0.6555
208 1    237 0.0000    237 0.2941    378 0.6129
209 1    237 0.0000    237 0.2875    378 0.6338
210 1    237 0.0000    237 0.2563    378 0.6685
211 1    237 0.0000    237 0.2292    378 0.7132
212 1    237 0.0000    237 0.3039    378 0.6448
213 1    237 0.0000    237 0.2657    378 0.6750
214 1    237 0.0000    237 0.2544    378 0.6628
215 1    237 0.0000    237 0.2254    378 0.6732
216 1    237 0.0000    237 0.2385    378 0.7049
217 1    237 0.0000    237 0.2878    378 0.6434
218 1    237 0.0000    237 0.3037    378 0.6711
219 1    237 0.0000    237 0.2577    378 0.6640
220 1    237 0.0000    237 0.2307    378 0.7034
221 1    237 0.0000    237 0.1912    378 0.7110
222 1    237 0.0000    237 0.1600    378 0.7329
223 1    237 0.0000    237 0.2224    378 0.6725
224 1    237 0.0000    237 0.2342    378 0.6930
225 1    237 0.0000    237 0.2841    378 0.7013
226 1    237 0.0000    237 0.1955    378 0.6952
227 1    237 0.0000    237 0.1963    378 0.7158
228 1    237 0.0000    237 0.2317    378 0.6974
229 1    237 0.0000    237 0.2293    378 0.6709
230 1    237 0.0000    237 0.2643    378 0.6866
231 1    237 0.0000    237 0.1773    378 0.7234
232 1    237 0.0000    237 0.1482    378 0.7118
233 1    237 0.0000    237 0.1352    378 0.7117
234 1    237 0.0000    237 0.1389    378 0.7349
235 1    237 0.0000    237 0.1489    378 0.7123
236 1    237 0.4000    1 0.4000    378 0.7316
237 1    237 0.0000    237 0.1683    378 0.7680
238 1    90 0.0000    90 0.2682    378 0.8209
239 1    237 0.0000    237 0.2493    378 0.7741
240 1    237 0.0000    237 0.2697    378 0.7639
241 1    237 0.0000    237 0.2730    378 0.7698
242 1    237 0.0000    237 0.2269    378 0.7867
243 1    237 0.0000    237 0.2110    378 0.7872
244 1    237 0.0000    237 0.1555    378 0.7802
245 1    237 0.0000    237 0.1970    378 0.7150
246 1    237 0.0000    237 0.1912    378 0.7609
247 1    237 0.0000    237 0.1825    378 0.7597
248 1    237 0.0000    237 0.2165    378 0.6637
249 1    237 0.0000    237 0.1796    378 0.6872
250 1    237 0.0000    237 0.1922    378 0.7052
251 1    237 0.0000    237 0.1751    378 0.7804
252 1    237 0.0000    237 0.1405    378 0.7450
253 1    237 0.0000    237 0.1790    378 0.7839
254 1    237 0.0000    237 0.2430    378 0.7766
255 1    237 0.0000    237 0.1992    378 0.7570
256 1    265 0.0000    265 0.2681    378 0.7802
257 1    237 0.0000    237 0.2876    378 0.8312
258 1    265 0.0000    265 0.2336    378 0.7798
259 1    1 0.0000    1 0.2743    378 0.7683
260 1    1 0.0000    1 0.3374    378 0.8879
261 1    265 0.0000    265 0.2273    378 0.8141
262 1    265 0.0000    265 0.2849    378 0.8569
263 1    265 0.0000    265 0.1330    378 0.7391
264 1    265 0.4136    1 0.4020    378 0.6993
265 1    265 0.0000    265 0.1439    378 0.6955
266 1    265 0.0000    265 0.1617    378 0.6190
267 1    265 0.0000    265 0.1707    378 0.6533
268 1    265 0.0000    265 0.1305    378 0.7080
269 1    265 0.0000    265 0.3083    378 0.7790
270 1    265 0.0000    265 0.2000    378 0.7361
271 1    265 0.0000    265 0.2197    378 0.5840
272 1    265 0.0000    265 0.1725    378 0.6807
273 1    265 0.0000    265 0.1708    378 0.7171
274 1    265 0.0000    265 0.1611    378 0.7442
275 1    265 0.0000    265 0.1822    378 0.7479
276 1    265 0.0000    265 0.2232    378 0.6981
277 1    265 0.0000    265 0.1877    378 0.6904
278 1    265 0.0000    265 0.2146    378 0.6703
279 1    265 0.0000    265 0.2053    378 0.7656
280 1    265 0.0000    265 0.1844    378 0.7599
281 1    265 0.0000    265 0.1508    378 0.6987
282 1    265 0.0000    265 0.1843    378 0.6027
283 1    265 0.0000    265 0.2060    378 0.6323
284 1    265 0.0000    265 0.2291    378 0.7179
285 1    265 0.0000    265 0.2260    378 0.7276
286 1    265 0.0000    265 0.2274    378 0.7028
287 1    265 0.0000    265 0.2275    378 0.7060
288 1    265 0.0000    265 0.2396    378 0.7017
289 1    265 0.0000    265 0.2177    378 0.6562
290 1    455 0.0000    455 0.2667    378 0.5669
291 1    265 0.0000    265 0.2547    378 0.5807
292 1    455 0.0000    455 0.2982    90 0.5907
293 1    265 0.0000    265 0.2231    378 0.5731
294 1    265 0.0000    265 0.2137    378 0.6116
295 1    265 0.0000    265 0.2275    378 0.6297
296 1    265 0.0000    265 0.2119    378 0.6635
297 1    265 0.0000    265 0.2101    378 0.6651
298 1    265 0.0000    265 0.2252    378 0.6415
299 1    265 0.0000    265 0.2441    378 0.6604
300 1    265 0.0000    265 0.2540    378 0.6006
301 1    265 0.0000    265 0.2559    378 0.5896
302 1    265 0.0000    265 0.2518    378 0.5931
303 1    265 0.0000    265 0.2623    378 0.6126
304 1    265 0.0000    265 0.2564    378 0.6089
305 1    265 0.0000    265 0.2173    378 0.6930
306 1    265 0.0000    265 0.2117    378 0.6083
307 1    265 0.0000    265 0.2386    378 0.7004
308 1    265 0.0000    265 0.2344    378 0.7059
309 1    719 0.0000    719 0.2663    378 0.7131
310 1    265 0.0000    265 0.2481    378 0.6478
311 1    265 0.0000    265 0.2444    378 0.6517
312 1    265 0.0000    265 0.2458    378 0.7113
313 1    265 0.0000    265 0.2636    378 0.6108
314 1    265 0.0000    265 0.2332    378 0.6551
315 1    265 0.0000    265 0.2714    378 0.5985
316 1    265 0.0000    265 0.2395    378 0.6152
317 1    265 0.0000    265 0.2520    378 0.6650
318 1    265 0.0000    265 0.2440    378 0.6520
319 1    265 0.0000    265 0.2549    378 0.6180
320 1    999 0.0000    999 0.2702    378 0.7120
321 1    999 0.0000    999 0.2420    378 0.7234
322 1    265 0.0000    265 0.2831    378 0.6648
323 1    999 0.0000    999 0.2568    378 0.6750
324 1    265 0.0000    265 0.2558    378 0.6877
325 1    999 0.0000    999 0.2402    378 0.6831
326 1    999 0.0000    999 0.2774    378 0.6813
327 1    265 0.0000    265 0.2278    378 0.6051
328 1    265 0.0000    265 0.2293    378 0.6274
329 1    265 0.0000    265 0.2541    378 0.6340
330 1    265 0.0000    265 0.3024    378 0.6060
331 1    999 0.0000    999 0.2421    378 0.6783
332 1    265 0.0000    265 0.2474    378 0.6802
333 1    265 0.0000    265 0.2701    378 0.6323
334 1    265 0.0000    265 0.2212    378 0.6524
335 1    999 0.0000    999 0.2633    378 0.7426
336 1    265 0.0000    265 0.2587    378 0.6237
337 1    265 0.0000    265 0.2492    378 0.6646
338 1    265 0.0000    265 0.2556    378 0.7028
339 1    265 0.0000    265 0.2273    378 0.6825
340 1    265 0.0000    265 0.2766    378 0.6068
341 1    999 0.0000    999 0.2676    378 0.6988
342 1    265 0.0000    265 0.2401    378 0.7004
343 1    999 0.0000    999 0.2456    378 0.7116
344 1    999 0.0000    999 0.2225    378 0.7086
345 1    455 0.0000    455 0.2746    378 0.5622
346 1    265 0.0000    265 0.2490    378 0.6499
347 1    265 0.0000    265 0.2273    378 0.6330
348 1    999 0.0000    999 0.2578    378 0.6612
349 1    999 0.0000    999 0.2799    378 0.6577
350 1    999 0.0000    999 0.2405    378 0.7175
351 1    999 0.0000    999 0.2618    378 0.6712
352 1    265 0.0000    265 0.2579    378 0.6796
353 1    265 0.0000    265 0.2726    378 0.6160
354 1    265 0.0000    265 0.2894    378 0.5974
355 1    265 0.0000    265 0.2845    378 0.5947
356 1    265 0.0000    265 0.2659    378 0.7045
357 1    265 0.0000    265 0.2596    378 0.7059
358 1    455 0.0000    455 0.2161    90 0.5642
359 1    455 0.0000    455 0.1815    90 0.5954
360 1    455 0.0000    455 0.1154    90 0.6095
361 1    455 0.0000    455 0.1491    90 0.6324
362 1    378 0.0000    378 0.2253    90 0.8087
363 1    378 0.0000    378 0.1913    90 0.8419
364 1    378 0.0000    378 0.1570    90 0.8329
365 1    455 0.0000    455 0.2390    90 0.7574
366 1    378 0.0000    378 0.3090    90 0.7508
367 1    455 0.0000    455 0.3246    1 0.7549
368 1    455 0.0000    455 0.2415    90 0.7102
369 1    455 0.0000    455 0.2990    1 0.7149
370 1    455 0.0000    455 0.2912    1 0.7163
371 1    378 0.0000    378 0.3122    1 0.7943
372 1    378 0.0000    378 0.2113    90 0.7803
373 1    378 0.0000    378 0.1689    90 0.8093
374 1    455 0.0000    455 0.2191    90 0.6824
375 1    378 0.0000    378 0.1654    90 0.7967
376 1    378 0.0000    378 0.1032    90 0.8983
377 1    378 0.5696    455 0.4174    90 0.9063
378 1    378 0.0000    378 0.1026    90 0.9549
379 1    455 0.0000    455 0.2194    90 0.7488
380 1    455 0.0000    455 0.2014    90 0.7258
381 1    455 0.0000    455 0.2324    90 0.7526
382 1    378 0.0000    378 0.2198    90 0.7669
383 1    378 0.0000    378 0.2144    90 0.7603
384 1    378 0.0000    378 0.1414    90 0.8170
385 1    378 0.0000    378 0.1888    90 0.7961
386 1    455 0.0000    455 0.1807    90 0.7279
387 1    378 0.0000    378 0.1753    90 0.8466
388 1    378 0.0000    378 0.2312    90 0.7736
389 1    378 0.0000    378 0.2370    90 0.8176
390 1    455 0.0000    455 0.1884    90 0.7063
391 1    455 0.0000    455 0.2058    90 0.7191
392 1    455 0.0000    455 0.2140    90 0.6939
393 1    455 0.0000    455 0.2023    90 0.7149
394 1    378 0.0000    378 0.2140    90 0.7663
395 1    378 0.0000    378 0.2091    90 0.7836
396 1    378 0.0000    378 0.2188    90 0.7922
397 1    378 0.0000    378 0.2293    90 0.8076
398 1    455 0.0000    455 0.1596    90 0.6846
399 1    455 0.0000    455 0.2091    90 0.7459
400 1    455 0.0000    455 0.1552    90 0.6553
401 1    455 0.0000    455 0.2321    90 0.7395
402 1    378 0.0000    378 0.1796    90 0.8305
403 1    455 0.0000    455 0.1682    90 0.6387
404 1    455 0.0000    455 0.2057    90 0.6480
405 1    455 0.0000    455 0.1718    90 0.6192
406 1    455 0.0000    455 0.1970    90 0.6474
407 1    455 0.0000    455 0.1898    90 0.6181
408 1    455 0.0000    455 0.2101    90 0.6271
409 1    455 0.0000    455 0.1625    90 0.6816
410 1    455 0.0000    455 0.1945    90 0.6542
411 1    455 0.0000    455 0.1952    90 0.6050
412 1    455 0.0000    455 0.2217    90 0.6065
413 1    455 0.0000    455 0.2423    90 0.6738
414 1    455 0.0000    455 0.2127    90 0.6178
415 1    455 0.0000    455 0.2712    1 0.6216
416 1    455 0.0000    455 0.2029    90 0.6422
417 1    455 0.0000    455 0.2024    90 0.6148
418 1    455 0.0000    455 0.1404    90 0.6793
419 1    455 0.0000    455 0.1978    90 0.6354
420 1    455 0.0000    455 0.1617    90 0.6958
421 1    455 0.0000    455 0.1716    90 0.6635
422 1    455 0.0000    455 0.1885    90 0.7011
423 1    455 0.0000    455 0.2301    90 0.7196
424 1    455 0.0000    455 0.1707    90 0.7154
425 1    455 0.0000    455 0.1746    90 0.6558
426 1    455 0.0000    455 0.3052    1 0.6068
427 1    455 0.0000    455 0.2013    90 0.6767
428 1    455 0.0000    455 0.2216    90 0.7206
429 1    455 0.0000    455 0.1930    90 0.7604
430 1    455 0.0000    455 0.1881    90 0.7073
431 1    455 0.0000    455 0.1541    90 0.6784
432 1    455 0.0000    455 0.1832    90 0.7002
433 1    455 0.0000    455 0.1578    90 0.7015
434 1    455 0.0000    455 0.1583    90 0.6904
435 1    455 0.0000    455 0.1810    90 0.6318
436 1    455 0.0000    455 0.2398    90 0.6508
437 1    455 0.0000    455 0.2297    90 0.7451
438 1    455 0.0000    455 0.2153    90 0.6708
439 1    455 0.0000    455 0.1909    90 0.6986
440 1    378 0.0000    378 0.2483    90 0.7864
441 1    455 0.0000    455 0.1793    90 0.6826
442 1    455 0.0000    455 0.1714    90 0.6180
443 1    455 0.0000    455 0.2469    90 0.6127
444 1    455 0.0000    455 0.2103    90 0.6179
445 1    265 0.0000    265 0.2708    378 0.5697
446 1    265 0.0000    265 0.2932    378 0.6514
447 1    455 0.0000    455 0.2407    90 0.5760
448 1    455 0.0000    455 0.2094    90 0.5813
449 1    265 0.0000    265 0.2565    378 0.6318
450 1    455 0.0000    455 0.2671    378 0.5701
451 1    265 0.0000    265 0.2873    378 0.6339
452 1    265 0.0000    265 0.2584    378 0.6458
453 1    265 0.0000    265 0.2296    378 0.6953
454 1    455 0.4863    719 0.4010    90 0.6496
455 1    455 0.0000    455 0.1033    90 0.6276
456 1    455 0.0000    455 0.2227    378 0.5822
457 1    455 0.0000    455 0.2252    90 0.5979
458 1    719 0.0000    719 0.2280    90 0.5855
459 1    719 0.0000    719 0.2174    378 0.6610
460 1    455 0.0000    455 0.1903    90 0.5621
461 1    265 0.0000    265 0.2500    378 0.7149
462 1    265 0.0000    265 0.2463    378 0.6133
463 1    455 0.0000    455 0.2007    90 0.5629
464 1    455 0.0000    455 0.2242    378 0.5660
465 1    455 0.0000    455 0.1843    90 0.5480
466 1    719 0.0000    719 0.2871    378 0.6454
467 1    265 0.0000    265 0.2476    378 0.6148
468 1    455 0.0000    455 0.2235    378 0.5749
469 1    265 0.0000    265 0.2435    378 0.6222
470 1    455 0.0000    455 0.2324    90 0.6045
471 1    265 0.0000    265 0.2492    378 0.5972
472 1    455 0.0000    455 0.2606    378 0.6053
473 1    265 0.0000    265 0.2582    378 0.5937
474 1    265 0.0000    265 0.2039    378 0.6583
475 1    265 0.0000    265 0.2169    378 0.6650
476 1    265 0.0000    265 0.2577    378 0.6627
477 1    455 0.0000    455 0.2468    378 0.5864
478 1    265 0.0000    265 0.2031    378 0.6362
479 1    265 0.0000    265 0.2195    378 0.6977
480 1    265 0.0000    265 0.2449    378 0.6147
481 1    265 0.0000    265 0.2538    378 0.7162
482 1    265 0.0000    265 0.1929    378 0.6526
483 1    265 0.0000    265 0.2157    378 0.6425
484 1    265 0.0000    265 0.2549    378 0.6138
485 1    265 0.0000    265 0.2163    378 0.6263
486 1    265 0.0000    265 0.2174    378 0.6750
487 1    455 0.0000    455 0.2370    378 0.5713
488 1    455 0.0000    455 0.1949    90 0.5742
489 1    455 0.0000    455 0.1616    90 0.5936
490 1    455 0.0000    455 0.1693    90 0.6029
491 1    455 0.0000    455 0.2203    90 0.5491
492 1    455 0.0000    455 0.2351    90 0.5856
493 1    455 0.0000    455 0.2077    90 0.6090
494 1    455 0.0000    455 0.1431    90 0.6531
495 1    455 0.0000    455 0.2690    90 0.5997
496 1    265 0.0000    265 0.2292    378 0.6694
497 1    455 0.0000    455 0.2212    90 0.6349
498 1    455 0.0000    455 0.1261    90 0.6201
499 1    455 0.0000    455 0.1815    90 0.5948
500 1    455 0.0000    455 0.1541    90 0.5923
501 1    455 0.0000    455 0.2224    90 0.5649
502 1    719 0.0000    719 0.2580    378 0.6139
503 1    455 0.0000    455 0.1824    90 0.6095
504 1    455 0.0000    455 0.2030    90 0.5961
505 1    455 0.0000    455 0.2483    378 0.5819
506 1    265 0.0000    265 0.2324    378 0.5868
507 1    455 0.0000    455 0.2056    90 0.5811
508 1    265 0.0000    265 0.2328    378 0.6625
509 1    265 0.0000    265 0.2266    378 0.5751
510 1    455 0.0000    455 0.1548    90 0.5929
511 1    455 0.0000    455 0.2464    90 0.6214
512 1    455 0.0000    455 0.2315    378 0.5720
513 1    265 0.0000    265 0.2577    378 0.6190
514 1    719 0.0000    719 0.2636    90 0.6872
515 1    719 0.0000    719 0.2593    90 0.6140
516 1    719 0.0000    719 0.2399    378 0.5961
517 1    265 0.0000    265 0.2286    378 0.6583
518 1    265 0.0000    265 0.2120    378 0.6902
519 1    719 0.0000    719 0.2360    378 0.6342
520 1    265 0.0000    265 0.2533    378 0.7006
521 1    719 0.0000    719 0.2015    378 0.6205
522 1    719 0.0000    719 0.2393    378 0.6006
523 1    265 0.0000    265 0.2327    378 0.6611
524 1    265 0.0000    265 0.2125    378 0.6855
525 1    455 0.0000    455 0.2318    378 0.5607
526 1    455 0.0000    455 0.2152    90 0.5545
527 1    455 0.0000    455 0.2297    90 0.5537
528 1    455 0.0000    455 0.2059    90 0.5816
529 1    455 0.0000    455 0.2162    90 0.5901
530 1    455 0.0000    455 0.2005    90 0.5849
531 1    719 0.0000    719 0.2464    378 0.6029
532 1    455 0.0000    455 0.2560    90 0.5737
533 1    719 0.0000    719 0.2488    378 0.6760
534 1    265 0.0000    265 0.2601    378 0.6132
535 1    719 0.0000    719 0.2550    378 0.6773
536 1    265 0.0000    265 0.2668    378 0.7184
537 1    265 0.0000    265 0.2482    378 0.6104
538 1    455 0.0000    455 0.2372    378 0.5721
539 1    265 0.0000    265 0.2348    378 0.6111
540 1    455 0.0000    455 0.2335    90 0.5610
541 1    265 0.0000    265 0.2484    378 0.6097
542 1    265 0.0000    265 0.2561    378 0.5676
543 1    265 0.0000    265 0.2418    378 0.6162
544 1    265 0.0000    265 0.2594    378 0.6807
545 1    265 0.0000    265 0.2310    378 0.6097
546 1    455 0.0000    455 0.2185    378 0.5539
547 1    265 0.0000    265 0.2341    378 0.6962
548 1    265 0.0000    265 0.2225    378 0.6637
549 1    719 0.0000    719 0.2593    378 0.5970
550 1    455 0.0000    455 0.2516    378 0.5857
551 1    455 0.0000    455 0.2361    90 0.5567
552 1    265 0.0000    265 0.2437    378 0.6771
553 1    265 0.0000    265 0.2333    378 0.6202
554 1    719 0.0000    719 0.2180    378 0.6926
555 1    265 0.0000    265 0.2742    378 0.7071
556 1    455 0.0000    455 0.1692    90 0.5722
557 1    455 0.0000    455 0.2216    1 0.5587
558 1    455 0.0000    455 0.2413    1 0.5759
559 1    265 0.0000    265 0.2403    378 0.6175
560 1    719 0.0000    719 0.1895    378 0.6371
561 1    265 0.0000    265 0.2327    378 0.5981
562 1    455 0.0000    455 0.2141    378 0.5552
563 1    719 0.0000    719 0.2539    378 0.5890
564 1    719 0.0000    719 0.2253    378 0.6704
565 1    455 0.0000    455 0.2171    90 0.5793
566 1    265 0.0000    265 0.2303    378 0.6268
567 1    265 0.0000    265 0.2302    378 0.6399
568 1    265 0.0000    265 0.2264    378 0.6264
569 1    265 0.0000    265 0.2509    378 0.5537
570 1    265 0.0000    265 0.2160    378 0.6185
571 1    455 0.0000    455 0.2311    378 0.5765
572 1    455 0.0000    455 0.2147    90 0.5615
573 1    455 0.0000    455 0.2277    378 0.5646
574 1    455 0.0000    455 0.1600    90 0.6277
575 1    455 0.0000    455 0.1961    90 0.5582
576 1    265 0.0000    265 0.2281    378 0.6328
577 1    265 0.0000    265 0.2152    378 0.6662
578 1    265 0.0000    265 0.2175    378 0.6388
579 1    265 0.0000    265 0.2092    378 0.6562
580 1    455 0.0000    455 0.2382    378 0.5830
581 1    719 0.0000    719 0.2318    378 0.5830
582 1    265 0.0000    265 0.2458    378 0.7210
583 1    265 0.0000    265 0.2418    378 0.6147
584 1    265 0.0000    265 0.2487    378 0.6069
585 1    719 0.0000    719 0.2157    378 0.6964
586 1    265 0.0000    265 0.2636    378 0.6869
587 1    265 0.0000    265 0.1876    378 0.6167
588 1    265 0.0000    265 0.2301    378 0.6132
589 1    265 0.0000    265 0.2137    378 0.6451
590 1    265 0.0000    265 0.2186    378 0.6655
591 1    265 0.0000    265 0.2418    378 0.6683
592 1    265 0.0000    265 0.2358    378 0.6074
593 1    265 0.0000    265 0.2220    378 0.6119
594 1    265 0.0000    265 0.2426    378 0.6874
595 1    265 0.0000    265 0.2518    378 0.6836
596 1    999 0.0000    999 0.2316    378 0.6715
597 1    999 0.0000    999 0.2374    378 0.6827
598 1    265 0.0000    265 0.2587    378 0.6467
599 1    265 0.0000    265 0.2595    378 0.6329
600 1    265 0.0000    265 0.2682    378 0.6006
601 1    265 0.0000    265 0.2460    378 0.6163
602 1    265 0.0000    265 0.2715    378 0.5823
603 1    265 0.0000    265 0.2807    378 0.5794
604 1    265 0.0000    265 0.2405    378 0.6277
605 1    265 0.0000    265 0.2566    378 0.6210
606 1    265 0.0000    265 0.2139    378 0.6287
607 1    265 0.0000    265 0.2398    378 0.5842
608 1    265 0.0000    265 0.2496    378 0.6960
609 1    265 0.0000    265 0.2476    378 0.5689
610 1    265 0.0000    265 0.2539    378 0.5878
611 1    265 0.0000    265 0.2365    378 0.6903
612 1    455 0.0000    455 0.1994    90 0.5690
613 1    265 0.0000    265 0.2532    90 0.5478
614 1    265 0.0000    265 0.2500    378 0.5615
615 1    265 0.0000    265 0.2346    378 0.5638
616 1    265 0.0000    265 0.2459    378 0.5872
617 1    265 0.0000    265 0.2237    378 0.5812
618 1    455 0.0000    455 0.2101    90 0.5734
619 1    265 0.0000    265 0.2322    378 0.5551
620 1    265 0.0000    265 0.2312    378 0.5990
621 1    265 0.0000    265 0.2264    378 0.6181
622 1    265 0.0000    265 0.2309    378 0.6086
623 1    265 0.0000    265 0.2290    378 0.5809
624 1    265 0.0000    265 0.2033    378 0.6463
625 1    265 0.0000    265 0.2157    378 0.5793
626 1    265 0.0000    265 0.1910    378 0.6912
627 1    265 0.0000    265 0.2565    378 0.5737
628 1    265 0.0000    265 0.2313    378 0.6855
629 1    265 0.0000    265 0.2528    378 0.6894
630 1    265 0.0000    265 0.2343    378 0.6846
631 1    265 0.0000    265 0.2598    378 0.6077
632 1    265 0.0000    265 0.2592    378 0.6302
633 1    455 0.0000    455 0.2502    1 0.5857
634 1    455 0.0000    455 0.2270    1 0.5672
635 1    455 0.0000    455 0.2253    90 0.5502
636 1    265 0.0000    265 0.2329    378 0.6444
637 1    265 0.0000    265 0.2677    378 0.6178
638 1    999 0.0000    999 0.2145    378 0.6972
639 1    999 0.0000    999 0.1989    378 0.7325
640 1    265 0.0000    265 0.2573    378 0.6788
641 1    265 0.0000    265 0.2551    378 0.6697
642 1    265 0.0000    265 0.2547    378 0.7031
643 1    265 0.0000    265 0.2529    378 0.6410
644 1    455 0.0000    455 0.1751    90 0.5752
645 1    455 0.0000    455 0.1843    90 0.5753
646 1    455 0.0000    455 0.1563    90 0.5825
647 1    265 0.0000    265 0.2903    378 0.5936
648 1    265 0.0000    265 0.2494    378 0.5935
649 1    455 0.0000    455 0.2348    378 0.5536
650 1    265 0.0000    265 0.2492    378 0.5944
651 1    455 0.0000    455 0.2619    378 0.6024
652 1    455 0.0000    455 0.2789    378 0.5593
653 1    265 0.0000    265 0.2441    378 0.5920
654 1    265 0.0000    265 0.2545    378 0.5872
655 1    455 0.0000    455 0.1964    90 0.5468
656 1    455 0.0000    455 0.1249    90 0.6148
657 1    455 0.0000    455 0.1363    90 0.6326
658 1    455 0.0000    455 0.1329    90 0.6325
659 1    455 0.0000    455 0.1330    90 0.5945
660 1    455 0.0000    455 0.1951    90 0.5561
661 1    455 0.0000    455 0.1540    90 0.5930
662 1    719 0.0000    719 0.2058    378 0.6684
663 1    455 0.0000    455 0.2404    378 0.5833
664 1    719 0.0000    719 0.2165    378 0.6045
665 1    719 0.0000    719 0.2129    378 0.6192
666 1    719 0.0000    719 0.1855    378 0.6518
667 1    455 0.0000    455 0.2417    378 0.5818
668 1    265 0.0000    265 0.2510    378 0.6928
669 1    265 0.0000    265 0.2565    378 0.6117
670 1    265 0.0000    265 0.2545    378 0.6156
671 1    999 0.0000    999 0.2663    378 0.7088
672 1    999 0.0000    999 0.2674    378 0.6596
673 1    265 0.0000    265 0.2407    378 0.6616
674 1    265 0.0000    265 0.2503    378 0.5969
675 1    719 0.0000    719 0.2368    378 0.6367
676 1    719 0.0000    719 0.2325    378 0.6119
677 1    265 0.0000    265 0.2164    378 0.6496
678 1    719 0.0000    719 0.2588    378 0.6763
679 1    719 0.0000    719 0.2310    378 0.6738
680 1    265 0.0000    265 0.2534    378 0.6677
681 1    719 0.0000    719 0.2153    378 0.6423
682 1    719 0.0000    719 0.2147    378 0.6662
683 1    719 0.0000    719 0.2457    378 0.6901
684 1    265 0.0000    265 0.2616    378 0.6170
685 1    719 0.0000    719 0.2402    378 0.6210
686 1    719 0.0000    719 0.1677    90 0.6161
687 1    719 0.0000    719 0.1773    378 0.6118
688 1    719 0.0000    719 0.1742    378 0.6200
689 1    455 0.0000    455 0.1962    90 0.6140
690 1    455 0.0000    455 0.1998    90 0.6431
691 1    455 0.0000    455 0.1273    90 0.6291
692 1    455 0.0000    455 0.2065    90 0.6097
693 1    455 0.0000    455 0.2435    378 0.5779
694 1    719 0.0000    719 0.2313    90 0.5751
695 1    719 0.0000    719 0.1886    90 0.6472
696 1    719 0.0000    719 0.2427    378 0.5880
697 1    455 0.0000    455 0.2021    90 0.6463
698 1    719 0.0000    719 0.1863    378 0.6108
699 1    265 0.0000    265 0.2637    378 0.6076
700 1    999 0.0000    999 0.2801    378 0.6830
701 1    999 0.0000    999 0.1961    378 0.7209
702 1    999 0.0000    999 0.2947    378 0.6384
703 1    455 0.0000    455 0.2936    378 0.5708
704 1    455 0.0000    455 0.3083    1 0.5790
705 1    265 0.0000    265 0.2496    378 0.5640
706 1    455 0.0000    455 0.2390    90 0.5671
707 1    265 0.0000    265 0.2418    378 0.5900
708 1    719 0.0000    719 0.2493    378 0.6331
709 1    455 0.0000    455 0.2634    90 0.6013
710 1    455 0.0000    455 0.2011    90 0.5881
711 1    455 0.0000    455 0.1969    90 0.6844
712 1    455 0.0000    455 0.1596    90 0.6009
713 1    455 0.0000    455 0.2084    90 0.6176
714 1    719 0.0000    719 0.1644    90 0.6294
715 1    455 0.0000    455 0.2165    90 0.6993
716 1    455 0.0000    455 0.2156    90 0.6225
717 1    455 0.0000    455 0.1399    90 0.6283
718 1    719 0.5145    455 0.4010    378 0.6553
719 1    455 0.0000    455 0.2110    90 0.6319
720 1    719 0.0000    719 0.1900    90 0.6795
721 1    455 0.0000    455 0.1751    90 0.6308
722 1    455 0.0000    455 0.1647    90 0.6950
723 1    455 0.0000    455 0.2179    1 0.6661
724 1    455 0.0000    455 0.1122    90 0.6446
725 1    455 0.0000    455 0.1723    90 0.5829
726 1    455 0.0000    455 0.1340    90 0.6411
727 1    719 0.0000    719 0.2422    378 0.5873
728 1    455 0.0000    455 0.2282    90 0.6561
729 1    455 0.0000    455 0.1772    90 0.5942
730 1    719 0.0000    719 0.2600    90 0.5936
731 1    455 0.0000    455 0.2361    90 0.5921
732 1    719 0.0000    719 0.2198    90 0.6040
733 1    719 0.0000    719 0.2159    90 0.6071
734 1    455 0.0000    455 0.1412    90 0.6627
735 1    455 0.0000    455 0.2239    90 0.5991
736 1    719 0.0000    719 0.2071    90 0.6131
737 1    455 0.0000    455 0.2556    378 0.5853
738 1    719 0.0000    719 0.1791    378 0.6140
739 1    719 0.0000    719 0.1454    378 0.6490
740 1    719 0.0000    719 0.1411    378 0.6188
741 1    719 0.0000    719 0.0855    378 0.6445
742 1    719 0.0000    719 0.1162    90 0.6515
743 1    719 0.0000    719 0.1874    90 0.6151
744 1    719 0.0000    719 0.1518    378 0.6461
745 1    719 0.0000    719 0.2025    90 0.5913
746 1    719 0.0000    719 0.1246    378 0.6462
747 1    719 0.0000    719 0.1366    378 0.6395
748 1    719 0.0000    719 0.1660    90 0.6388
749 1    719 0.0000    719 0.1362    378 0.6487
750 1    719 0.0000    719 0.2005    90 0.6174
751 1    455 0.0000    455 0.2169    378 0.5652
752 1    455 0.0000    455 0.1898    90 0.5964
753 1    719 0.0000    719 0.1914    378 0.6022
754 1    455 0.0000    455 0.2077    90 0.5979
755 1    455 0.0000    455 0.2624    378 0.5992
756 1    455 0.0000    455 0.2577    378 0.5815
757 1    455 0.0000    455 0.2540    378 0.5919
758 1    455 0.0000    455 0.2252    378 0.5728
759 1    455 0.0000    455 0.2342    378 0.5610
760 1    265 0.0000    265 0.2521    378 0.5904
761 1    719 0.0000    719 0.2100    378 0.6097
762 1    719 0.0000    719 0.2152    378 0.6229
763 1    455 0.0000    455 0.2048    90 0.5626
764 1    455 0.0000    455 0.2382    378 0.5809
765 1    455 0.0000    455 0.2010    90 0.5906
766 1    455 0.0000    455 0.2163    90 0.5769
767 1    265 0.0000    265 0.2406    378 0.6700
768 1    455 0.0000    455 0.2482    90 0.5643
769 1    455 0.0000    455 0.2171    90 0.5515
770 1    455 0.0000    455 0.2167    378 0.5698
771 1    455 0.0000    455 0.1827    90 0.5775
772 1    719 0.0000    719 0.2168    378 0.6467
773 1    265 0.0000    265 0.2565    378 0.7045
774 1    265 0.0000    265 0.2434    378 0.6136
775 1    455 0.0000    455 0.1717    90 0.5650
776 1    265 0.0000    265 0.2498    378 0.6852
777 1    455 0.0000    455 0.2299    378 0.5789
778 1    265 0.0000    265 0.2459    378 0.6182
779 1    455 0.0000    455 0.2307    378 0.5648
780 1    455 0.0000    455 0.2573    378 0.5823
781 1    999 0.0000    999 0.2565    378 0.6813
782 1    265 0.0000    265 0.2657    378 0.6462
783 1    265 0.0000    265 0.2680    378 0.6491
784 1    265 0.0000    265 0.2614    378 0.6204
785 1    455 0.0000    455 0.2077    378 0.5537
786 1    265 0.0000    265 0.2431    378 0.6276
787 1    265 0.0000    265 0.2394    378 0.6402
788 1    265 0.0000    265 0.2435    378 0.6429
789 1    265 0.0000    265 0.2694    378 0.6090
790 1    265 0.0000    265 0.2622    378 0.6217
791 1    999 0.0000    999 0.2021    378 0.7178
792 1    999 0.0000    999 0.2349    378 0.7091
793 1    455 0.0000    455 0.3347    1 0.6251
794 1    265 0.0000    265 0.2630    378 0.5995
795 1    265 0.0000    265 0.2764    378 0.6063
796 1    265 0.0000    265 0.2509    378 0.5879
797 1    455 0.0000    455 0.2791    378 0.5845
798 1    455 0.0000    455 0.2286    90 0.5818
799 1    265 0.0000    265 0.2748    378 0.5942
800 1    265 0.0000    265 0.2929    378 0.6661
801 1    455 0.0000    455 0.2403    378 0.5560
802 1    455 0.0000    455 0.2266    378 0.5590
803 1    265 0.0000    265 0.2657    378 0.6083
804 1    455 0.0000    455 0.2370    378 0.5635
805 1    455 0.0000    455 0.2386    378 0.5692
806 1    455 0.0000    455 0.1720    90 0.5641
807 1    455 0.0000    455 0.2274    90 0.5765
808 1    265 0.0000    265 0.2705    378 0.6015
809 1    265 0.0000    265 0.2598    378 0.6211
810 1    265 0.0000    265 0.2744    378 0.6135
811 1    265 0.0000    265 0.2448    378 0.6432
812 1    455 0.0000    455 0.2531    378 0.5774
813 1    455 0.0000    455 0.2187    90 0.5475
814 1    265 0.0000    265 0.2633    378 0.6367
815 1    265 0.0000    265 0.2707    378 0.6815
816 1    265 0.0000    265 0.2543    378 0.6473
817 1    455 0.0000    455 0.2614    378 0.5884
818 1    455 0.0000    455 0.2717    378 0.5838
819 1    265 0.0000    265 0.2694    378 0.6213
820 1    265 0.0000    265 0.2560    378 0.6351
821 1    265 0.0000    265 0.2808    378 0.6055
822 1    265 0.0000    265 0.2480    378 0.6755
823 1    999 0.0000    999 0.2446    378 0.7226
824 1    265 0.0000    265 0.2651    378 0.6007
825 1    265 0.0000    265 0.2481    378 0.6310
826 1    265 0.0000    265 0.2845    378 0.6549
827 1    265 0.0000    265 0.2636    378 0.7126
828 1    265 0.0000    265 0.2796    378 0.6555
829 1    265 0.0000    265 0.2820    378 0.6552
830 1    265 0.0000    265 0.2866    378 0.6511
831 1    999 0.0000    999 0.2859    378 0.6448
832 1    999 0.0000    999 0.2152    378 0.6892
833 1    999 0.0000    999 0.2469    378 0.7679
834 1    999 0.0000    999 0.2442    378 0.7046
835 1    999 0.0000    999 0.3036    378 0.6179
836 1    999 0.0000    999 0.2092    378 0.7420
837 1    999 0.0000    999 0.2230    378 0.7054
838 1    999 0.0000    999 0.1693    378 0.7526
839 1    999 0.0000    999 0.2552    378 0.7471
840 1    999 0.0000    999 0.1975    378 0.7525
841 1    265 0.0000    265 0.2876    378 0.7481
842 1    999 0.0000    999 0.2123    378 0.8039
843 1    265 0.0000    265 0.3245    378 0.6749
844 1    999 0.0000    999 0.2567    378 0.7369
845 1    999 0.0000    999 0.2426    378 0.7129
846 1    999 0.0000    999 0.2703    378 0.6688
847 1    265 0.0000    265 0.2787    378 0.6419
848 1    999 0.0000    999 0.3004    378 0.6673
849 1    999 0.0000    999 0.2434    378 0.7091
850 1    265 0.0000    265 0.2545    378 0.6847
851 1    455 0.0000    455 0.2937    378 0.6017
852 1    265 0.0000    265 0.2904    378 0.6022
853 1    455 0.0000    455 0.2501    378 0.5615
854 1    265 0.0000    265 0.2672    378 0.6230
855 1    265 0.0000    265 0.2680    378 0.6261
856 1    265 0.0000    265 0.2602    378 0.6180
857 1    265 0.0000    265 0.2637    378 0.6391
858 1    265 0.0000    265 0.2516    378 0.6487
859 1    265 0.0000    265 0.2622    378 0.7143
860 1    999 0.0000    999 0.2212    378 0.7155
861 1    265 0.0000    265 0.2764    378 0.6799
862 1    265 0.0000    265 0.2590    378 0.6769
863 1    265 0.0000    265 0.2656    378 0.6046
864 1    265 0.0000    265 0.2901    378 0.6355
865 1    265 0.0000    265 0.2745    378 0.6039
866 1    265 0.0000    265 0.2386    378 0.6096
867 1    265 0.0000    265 0.2976    378 0.6613
868 1    265 0.0000    265 0.2753    378 0.6665
869 1    265 0.0000    265 0.2579    378 0.6815
870 1    265 0.0000    265 0.2576    378 0.7135
871 1    265 0.0000    265 0.2801    378 0.7192
872 1    265 0.0000    265 0.2592    378 0.6848
873 1    265 0.0000    265 0.2554    378 0.6596
874 1    999 0.0000    999 0.2518    378 0.7246
875 1    999 0.0000    999 0.2134    378 0.7595
876 1    265 0.0000    265 0.2946    378 0.6393
877 1    999 0.0000    999 0.2255    378 0.7071
878 1    265 0.0000    265 0.2776    378 0.6629
879 1    265 0.0000    265 0.2915    378 0.6440
880 1    265 0.0000    265 0.3022    378 0.6371
881 1    999 0.0000    999 0.2520    378 0.6985
882 1    999 0.0000    999 0.2890    378 0.6869
883 1    999 0.0000    999 0.2997    378 0.6608
884 1    999 0.0000    999 0.2898    378 0.6668
885 1    999 0.0000    999 0.2659    378 0.7144
886 1    265 0.0000    265 0.2524    378 0.6952
887 1    265 0.0000    265 0.2597    378 0.6902
888 1    999 0.0000    999 0.2793    378 0.7180
889 1    455 0.0000    455 0.2644    378 0.5987
890 1    265 0.0000    265 0.2630    378 0.6331
891 1    455 0.0000    455 0.2582    378 0.5741
892 1    265 0.0000    265 0.2562    378 0.6064
893 1    455 0.0000    455 0.2860    378 0.6189
894 1    265 0.0000    265 0.2564    378 0.6379
895 1    999 0.0000    999 0.2294    378 0.6912
896 1    999 0.0000    999 0.2461    378 0.6866
897 1    265 0.0000    265 0.2928    378 0.6938
898 1    999 0.0000    999 0.2471    378 0.7396
899 1    265 0.0000    265 0.2831    378 0.6774
900 1    719 0.0000    719 0.2645    378 0.6713
901 1    265 0.0000    265 0.2769    378 0.6856
902 1    265 0.0000    265 0.2710    378 0.6669
903 1    265 0.0000    265 0.2600    378 0.6429
904 1    265 0.0000    265 0.3054    378 0.6656
905 1    265 0.0000    265 0.2825    378 0.6346
906 1    265 0.0000    265 0.3150    378 0.6142
907 1    265 0.0000    265 0.2648    378 0.6069
908 1    265 0.0000    265 0.3024    378 0.6021
909 1    265 0.0000    265 0.2875    378 0.6377
910 1    455 0.0000    455 0.3011    378 0.5813
911 1    265 0.0000    265 0.2881    378 0.6089
912 1    999 0.0000    999 0.1803    378 0.7526
913 1    999 0.0000    999 0.2388    378 0.6964
914 1    265 0.0000    265 0.2709    378 0.6595
915 1    999 0.0000    999 0.2308    378 0.7136
916 1    999 0.0000    999 0.2945    378 0.7009
917 1    265 0.0000    265 0.2838    378 0.6329
918 1    999 0.0000    999 0.2624    378 0.7140
919 1    265 0.0000    265 0.2871    378 0.7277
920 1    999 0.0000    999 0.1963    378 0.7560
921 1    265 0.0000    265 0.2552    378 0.6358
922 1    265 0.0000    265 0.2597    378 0.6058
923 1    265 0.0000    265 0.2596    378 0.6565
924 1    999 0.0000    999 0.2436    378 0.6663
925 1    999 0.0000    999 0.2472    378 0.6562
926 1    265 0.0000    265 0.2924    378 0.5770
927 1    999 0.0000    999 0.2740    378 0.6540
928 1    999 0.0000    999 0.2791    378 0.6323
929 1    999 0.0000    999 0.2472    378 0.6365
930 1    999 0.0000    999 0.2049    378 0.6906
931 1    999 0.0000    999 0.1968    378 0.6772
932 1    999 0.0000    999 0.1630    378 0.7151
933 1    999 0.0000    999 0.2755    378 0.6200
934 1    999 0.0000    999 0.1721    378 0.7296
935 1    999 0.0000    999 0.2088    378 0.7076
936 1    999 0.0000    999 0.2426    378 0.7146
937 1    999 0.0000    999 0.1907    378 0.6881
938 1    999 0.0000    999 0.2096    378 0.6640
939 1    265 0.0000    265 0.2896    378 0.6178
940 1    265 0.0000    265 0.2895    378 0.5914
941 1    265 0.0000    265 0.2995    378 0.6043
942 1    999 0.0000    999 0.2932    378 0.6394
943 1    999 0.0000    999 0.2691    378 0.6921
944 1    999 0.0000    999 0.2237    378 0.7006
945 1    999 0.0000    999 0.1904    378 0.6793
946 1    999 0.0000    999 0.3169    378 0.5725
947 1    455 0.0000    455 0.2597    90 0.5379
948 1    265 0.0000    265 0.2834    378 0.5988
949 1    455 0.0000    455 0.2327    378 0.5437
950 1    999 0.0000    999 0.2089    378 0.6911
951 1    999 0.0000    999 0.2509    378 0.7015
952 1    999 0.0000    999 0.2557    378 0.6729
953 1    999 0.0000    999 0.2144    378 0.7239
954 1    999 0.0000    999 0.2039    378 0.7512
955 1    999 0.0000    999 0.1996    378 0.7023
956 1    999 0.0000    999 0.1991    378 0.6683
957 1    999 0.0000    999 0.2505    378 0.5995
958 1    999 0.0000    999 0.2998    378 0.5901
959 1    999 0.0000    999 0.2377    378 0.6609
960 1    265 0.0000    265 0.2660    378 0.6329
961 1    265 0.0000    265 0.2941    378 0.5983
962 1    265 0.0000    265 0.2964    378 0.6078
963 1    265 0.0000    265 0.2714    378 0.5687
964 1    265 0.0000    265 0.2649    378 0.6224
965 1    265 0.0000    265 0.2648    378 0.6103
966 1    265 0.0000    265 0.2839    378 0.6078
967 1    999 0.0000    999 0.2681    378 0.6637
968 1    999 0.0000    999 0.2187    378 0.6645
969 1    999 0.0000    999 0.2351    378 0.6484
970 1    999 0.0000    999 0.1864    378 0.6955
971 1    999 0.0000    999 0.2190    378 0.6799
972 1    999 0.0000    999 0.2220    378 0.6571
973 1    999 0.0000    999 0.2035    378 0.6792
974 1    999 0.0000    999 0.2394    378 0.6759
975 1    999 0.0000    999 0.2586    378 0.6337
976 1    999 0.0000    999 0.2425    378 0.6372
977 1    999 0.0000    999 0.2409    378 0.6334
978 1    999 0.0000    999 0.1903    378 0.6678
979 1    999 0.0000    999 0.2087    378 0.6533
980 1    999 0.0000    999 0.2573    378 0.6649
981 1    999 0.0000    999 0.2659    378 0.6661
982 1    999 0.0000    999 0.1428    378 0.7150
983 1    999 0.0000    999 0.2730    378 0.6610
984 1    999 0.0000    999 0.1999    378 0.7303
985 1    999 0.0000    999 0.2041    378 0.6939
986 1    999 0.0000    999 0.2547    378 0.6357
987 1    999 0.0000    999 0.1665    378 0.7271
988 1    999 0.0000    999 0.1508    378 0.7186
989 1    999 0.0000    999 0.2358    378 0.6431
990 1    999 0.0000    999 0.2013    378 0.6711
991 1    999 0.0000    999 0.2029    378 0.6701
992 1    999 0.0000    999 0.1845    378 0.7021
993 1    999 0.0000    999 0.2488    378 0.6634
994 1    999 0.0000    999 0.2001    378 0.6687
995 1    999 0.0000    999 0.2288    378 0.7344
996 1    999 0.0000    999 0.1571    378 0.7094
997 1    999 0.0000    999 0.1684    378 0.6939
998 1    999 0.4734    265 0.4191    378 0.7586
999 1    999 0.0000    999 0.1353    378 0.7430
1000 1    999 0.0000    999 0.1353    378 0.7361
1001 2    1 0.0000    375 0.4009    71 0.6804
1002 2    1 0.0000    1 0.1407    71 0.6194
1003 2    5 0.0000    5 0.2425    986 0.5432
1004 2    5 0.0000    5 0.1979    986 0.6374
1005 2    5 0.4256    375 0.4151    986 0.6505
1006 2    5 0.0000    5 0.2388    986 0.7229
1007 2    5 0.0000    5 0.1827    986 0.7257
1008 2    5 0.0000    5 0.1881    986 0.6647
1009 2    5 0.0000    5 0.3448    986 0.7067
1010 2    5 0.0000    5 0.3481    986 0.7604
1011 2    71 0.0000    71 0.3915    986 0.8193
1012 2    5 0.0000    5 0.2418    986 0.7162
1013 2    5 0.0000    5 0.2274    986 0.6676
1014 2    5 0.0000    5 0.2197    986 0.7100
1015 2    5 0.0000    5 0.2603    986 0.6057
1016 2    5 0.0000    5 0.2687    986 0.5672
1017 2    5 0.0000    5 0.2169    986 0.7119
1018 2    5 0.0000    5 0.2509    986 0.6021
1019 2    614 0.0000    614 0.2960    986 0.5991
1020 2    614 0.0000    614 0.2755    986 0.6007
1021 2    5 0.0000    5 0.2602    986 0.5954
1022 2    375 0.0000    375 0.2681    986 0.5159
1023 2    5 0.0000    5 0.2748    986 0.5886
1024 2    5 0.0000    5 0.2862    986 0.5695
1025 2    5 0.0000    5 0.2887    986 0.5790
1026 2    42 0.0000    42 0.2427    1 0.5072
1027 2    42 0.0000    42 0.2302    1 0.6335
1028 2    42 0.0000    42 0.2169    1 0.6399
1029 2    42 0.0000    42 0.2500    1 0.6135
1030 2    42 0.0000    42 0.2227    1 0.6339
1031 2    614 0.0000    614 0.2617    986 0.6046
1032 2    42 0.0000    42 0.2061    1 0.5545
1033 2    42 0.0000    42 0.2088    1 0.6018
1034 2    42 0.0000    42 0.1970    1 0.5979
1035 2    42 0.0000    42 0.1493    1 0.6496
1036 2    42 0.0000    42 0.2538    1 0.7464
1037 2    42 0.0000    42 0.2025    1 0.7182
1038 2    42 0.0000    42 0.2094    1 0.6796
1039 2    42 0.0000    42 0.2046    1 0.6234
1040 2    42 0.0000    42 0.1920    1 0.6190
1041 2    42 0.0000    42 0.2179    1 0.5684
1042 2    42 0.4723    614 0.4074    1 0.6380
1043 2    42 0.0000    42 0.1300    1 0.5779
1044 2    42 0.0000    42 0.1789    1 0.5866
1045 2    42 0.0000    42 0.1831    1 0.5854
1046 2    614 0.0000    614 0.2672    986 0.5623
1047 2    42 0.0000    42 0.2256    1 0.5925
1048 2    42 0.0000    42 0.2441    1 0.5981
1049 2    42 0.0000    42 0.2441    1 0.5765
1050 2    614 0.0000    614 0.2744    986 0.5785
1051 2    614 0.0000    614 0.2797    986 0.6133
1052 2    614 0.0000    614 0.2904    986 0.6040
1053 2    42 0.0000    42 0.3038    1 0.5786
1054 2    614 0.0000    614 0.3279    1 0.5562
1055 2    375 0.0000    375 0.3599    986 0.5503
1056 2    375 0.0000    375 0.3610    986 0.5878
1057 2    375 0.0000    375 0.3443    986 0.5330
1058 2    375 0.0000    375 0.3720    755 0.5372
1059 2    375 0.0000    375 0.3362    755 0.5085
1060 2    375 0.0000    375 0.2967    755 0.5088
1061 2    375 0.0000    375 0.3179    755 0.5350
1062 2    71 0.0000    71 0.3104    986 0.5496
1063 2    375 0.0000    375 0.2880    755 0.5364
1064 2    375 0.0000    375 0.3331    1 0.5421
1065 2    71 0.0000    71 0.2910    1 0.6037
1066 2    71 0.0000    71 0.2475    1 0.5978
1067 2    71 0.0000    71 0.1913    1 0.6503
1068 2    71 0.0000    71 0.2889    1 0.6530
1069 2    71 0.0000    71 0.1971    1 0.6189
1070 2    71 0.0000    71 0.1371    1 0.6929
1071 2    71 0.4645    5 0.4192    1 0.6804
1072 2    71 0.0000    71 0.1536    1 0.5948
1073 2    71 0.0000    71 0.2324    1 0.5637
1074 2    71 0.0000    71 0.2811    1 0.5360
1075 2    71 0.0000    71 0.2321    986 0.5563
1076 2    71 0.0000    71 0.2333    1 0.5642
1077 2    71 0.0000    71 0.2840    1 0.5506
1078 2    71 0.0000    71 0.2585    1 0.6334
1079 2    71 0.0000    71 0.2221    1 0.5837
1080 2    71 0.0000    71 0.1732    1 0.6018
1081 2    71 0.0000    71 0.3181    1 0.5660
1082 2    71 0.0000    71 0.2627    1 0.6065
1083 2    71 0.0000    71 0.2615    1 0.5512
1084 2    71 0.0000    71 0.2692    1 0.5863
1085 2    71 0.0000    71 0.3156    1 0.5943
1086 2    71 0.0000    71 0.2534    1 0.6222
1087 2    71 0.0000    71 0.2810    1 0.5690
1088 2    71 0.0000    71 0.2748    1 0.6127
1089 2    71 0.0000    71 0.2846    1 0.5790
1090 2    71 0.0000    71 0.2943    986 0.5382
1091 2    71 0.0000    71 0.2861    1 0.6199
1092 2    375 0.0000    375 0.2986    1 0.5565
1093 2    375 0.0000    375 0.2515    1 0.5138
1094 2    375 0.0000    375 0.2703    1 0.5425
1095 2    42 0.0000    42 0.2839    1 0.5842
1096 2    375 0.0000    375 0.2896    1 0.5490
1097 2    42 0.0000    42 0.2860    1 0.6009
1098 2    375 0.0000    375 0.3010    1 0.5690
1099 2    375 0.0000    375 0.2934    1 0.5639
1100 2    71 0.0000    71 0.2984    1 0.5818
1101 2    375 0.0000    375 0.2735    1 0.5389
1102 2    375 0.0000    375 0.2792    1 0.5445
1103 2    375 0.0000    375 0.2430    1 0.5053
1104 2    42 0.0000    42 0.2627    1 0.6351
1105 2    375 0.0000    375 0.2747    1 0.5262
1106 2    375 0.0000    375 0.2646    1 0.5341
1107 2    375 0.0000    375 0.2676    1 0.5406
1108 2    375 0.0000    375 0.2858    1 0.5545
1109 2    375 0.0000    375 0.2792    1 0.5477
1110 2    42 0.0000    42 0.2989    1 0.6068
1111 2    375 0.0000    375 0.2763    1 0.5419
1112 2    375 0.0000    375 0.2520    1 0.5254
1113 2    375 0.0000    375 0.2716    1 0.5553
1114 2    375 0.0000    375 0.2874    1 0.5506
1115 2    42 0.0000    42 0.2901    1 0.6114
1116 2    42 0.0000    42 0.2692    1 0.6129
1117 2    375 0.0000    375 0.2789    1 0.5551
1118 2    375 0.0000    375 0.3030    1 0.5689
1119 2    375 0.0000    375 0.2742    1 0.5471
1120 2    375 0.0000    375 0.2365    1 0.5084
1121 2    375 0.0000    375 0.2712    1 0.5398
1122 2    375 0.0000    375 0.2823    1 0.5725
1123 2    375 0.0000    375 0.2453    1 0.4922
1124 2    375 0.0000    375 0.2823    1 0.5680
1125 2    375 0.0000    375 0.2076    1 0.4532
1126 2    375 0.0000    375 0.2680    1 0.5263
1127 2    375 0.0000    375 0.2509    1 0.5131
1128 2    375 0.0000    375 0.2714    1 0.5189
1129 2    375 0.0000    375 0.2631    1 0.5185
1130 2    71 0.0000    71 0.2845    986 0.5245
1131 2    614 0.0000    614 0.2844    986 0.5325
1132 2    71 0.0000    71 0.2847    986 0.5426
1133 2    71 0.0000    71 0.2718    1 0.5395
1134 2    375 0.0000    375 0.2340    986 0.4757
1135 2    42 0.0000    42 0.2596    1 0.5641
1136 2    375 0.0000    375 0.2417    1 0.4804
1137 2    375 0.0000    375 0.2586    1 0.5150
1138 2    375 0.0000    375 0.2728    1 0.5282
1139 2    42 0.0000    42 0.2523    1 0.5511
1140 2    614 0.0000    614 0.2689    1 0.5400
1141 2    614 0.0000    614 0.3003    1 0.5434
1142 2    614 0.0000    614 0.2981    1 0.5850
1143 2    42 0.0000    42 0.2300    1 0.6042
1144 2    375 0.0000    375 0.2561    1 0.5171
1145 2    42 0.0000    42 0.2417    1 0.6040
1146 2    42 0.0000    42 0.2403    1 0.5684
1147 2    42 0.0000    42 0.2499    1 0.6031
1148 2    42 0.0000    42 0.2301    1 0.5921
1149 2    614 0.0000    614 0.2958    1 0.6077
1150 2    375 0.0000    375 0.3001    1 0.5555
1151 2    375 0.0000    375 0.2778    1 0.5678
1152 2    375 0.0000    375 0.2851    1 0.5498
1153 2    375 0.0000    375 0.2192    1 0.5256
1154 2    375 0.0000    375 0.2742    1 0.5605
1155 2    375 0.0000    375 0.2321    71 0.4961
1156 2    614 0.0000    614 0.2800    1 0.5492
1157 2    375 0.0000    375 0.2595    1 0.5313
1158 2    375 0.0000    375 0.2127    1 0.5201
1159 2    375 0.0000    375 0.2642    1 0.5484
1160 2    375 0.0000    375 0.2652    1 0.5491
1161 2    614 0.0000    614 0.2421    1 0.5176
1162 2    614 0.0000    614 0.2177    986 0.5395
1163 2    614 0.0000    614 0.1841    986 0.6004
1164 2    614 0.0000    614 0.2208    986 0.5795
1165 2    614 0.0000    614 0.1971    1 0.5964
1166 2    614 0.0000    614 0.2035    986 0.5475
1167 2    614 0.0000    614 0.1656    986 0.6471
1168 2    614 0.0000    614 0.2129    986 0.5886
1169 2    614 0.0000    614 0.2175    986 0.6570
1170 2    614 0.0000    614 0.1942    986 0.6847
1171 2    614 0.0000    614 0.2125    986 0.6682
1172 2    614 0.0000    614 0.2172    986 0.5798
1173 2    375 0.0000    375 0.2570    986 0.5544
1174 2    375 0.0000    375 0.2723    986 0.5681
1175 2    375 0.0000    375 0.1905    986 0.5050
1176 2    375 0.0000    375 0.2285    986 0.5089
1177 2    375 0.0000    375 0.2351    986 0.5292
1178 2    375 0.0000    375 0.1286    986 0.4497
1179 2    614 0.0000    614 0.2229    986 0.5883
1180 2    614 0.0000    614 0.1856    986 0.5713
1181 2    375 0.0000    375 0.2337    986 0.5138
1182 2    375 0.0000    375 0.2278    986 0.5035
1183 2    614 0.0000    614 0.2180    986 0.5609
1184 2    375 0.0000    375 0.2443    1 0.5265
1185 2    375 0.0000    375 0.2054    1 0.4931
1186 2    375 0.0000    375 0.2289    1 0.4999
1187 2    614 0.0000    614 0.2249    986 0.5582
1188 2    614 0.0000    614 0.2313    986 0.5757
1189 2    375 0.0000    375 0.1897    1 0.4822
1190 2    375 0.0000    375 0.2400    1 0.5464
1191 2    375 0.0000    375 0.2145    986 0.5085
1192 2    375 0.0000    375 0.2276    1 0.5284
1193 2    375 0.0000    375 0.2344    1 0.5436
1194 2    375 0.0000    375 0.2220    1 0.5205
1195 2    375 0.0000    375 0.2317    1 0.5333
1196 2    375 0.0000    375 0.2206    986 0.5032
1197 2    375 0.0000    375 0.2151    1 0.5176
1198 2    375 0.0000    375 0.2174    1 0.5035
1199 2    375 0.0000    375 0.2186    1 0.4947
1200 2    375 0.0000    375 0.2100    986 0.4920
1201 2    375 0.0000    375 0.2578    1 0.5583
1202 2    375 0.0000    375 0.2618    986 0.5469
1203 2    375 0.0000    375 0.2462    986 0.5228
1204 2    375 0.0000    375 0.2416    986 0.5401
1205 2    375 0.0000    375 0.2588    986 0.5461
1206 2    375 0.0000    375 0.2028    1 0.5149
1207 2    375 0.0000    375 0.2291    1 0.5564
1208 2    375 0.0000    375 0.2048    1 0.5199
1209 2    375 0.0000    375 0.2053    1 0.5313
1210 2    42 0.0000    42 0.2638    1 0.5934
1211 2    375 0.0000    375 0.2738    1 0.5848
1212 2    375 0.0000    375 0.2470    1 0.5691
1213 2    375 0.0000    375 0.2229    1 0.5323
1214 2    375 0.0000    375 0.2378    1 0.5156
1215 2    375 0.0000    375 0.1860    1 0.4693
1216 2    375 0.0000    375 0.1726    986 0.4795
1217 2    375 0.0000    375 0.2234    1 0.5284
1218 2    375 0.0000    375 0.2584    1 0.5057
1219 2    375 0.0000    375 0.2543    1 0.5632
1220 2    375 0.0000    375 0.2424    1 0.5483
1221 2    375 0.0000    375 0.2526    1 0.5634
1222 2    375 0.0000    375 0.2471    1 0.5735
1223 2    375 0.0000    375 0.2550    1 0.5756
1224 2    375 0.0000    375 0.2306    1 0.5694
1225 2    375 0.0000    375 0.2057    1 0.5326
1226 2    42 0.0000    42 0.2734    1 0.5980
1227 2    42 0.0000    42 0.2580    1 0.6233
1228 2    375 0.0000    375 0.2712    1 0.5821
1229 2    375 0.0000    375 0.2497    1 0.5719
1230 2    375 0.0000    375 0.2560    1 0.5796
1231 2    375 0.0000    375 0.2093    1 0.5203
1232 2    375 0.0000    375 0.2499    1 0.5670
1233 2    375 0.0000    375 0.2188    1 0.5255
1234 2    375 0.0000    375 0.2296    5 0.5371
1235 2    375 0.0000    375 0.1722    71 0.4878
1236 2    375 0.0000    375 0.2059    1 0.5246
1237 2    375 0.0000    375 0.2101    1 0.5181
1238 2    375 0.0000    375 0.2008    1 0.4829
1239 2    375 0.0000    375 0.2039    1 0.5121
1240 2    375 0.0000    375 0.2061    5 0.4902
1241 2    375 0.0000    375 0.2259    1 0.5309
1242 2    375 0.0000    375 0.2035    1 0.4972
1243 2    375 0.0000    375 0.2330    5 0.5270
1244 2    375 0.0000    375 0.2059    5 0.4948
1245 2    375 0.0000    375 0.2175    1 0.4933
1246 2    375 0.0000    375 0.1613    1 0.4582
1247 2    375 0.0000    375 0.2000    1 0.5019
1248 2    375 0.0000    375 0.2077    1 0.5094
1249 2    375 0.0000    375 0.1616    1 0.4762
1250 2    375 0.0000    375 0.2269    5 0.5461
1251 2    375 0.0000    375 0.1769    1 0.4821
1252 2    375 0.0000    375 0.1994    71 0.4539
1253 2    375 0.0000    375 0.1593    1 0.4686
1254 2    375 0.0000    375 0.1841    1 0.4776
1255 2    375 0.0000    375 0.2243    986 0.4964
1256 2    375 0.0000    375 0.2341    1 0.4998
1257 2    375 0.0000    375 0.2217    1 0.5151
1258 2    375 0.0000    375 0.2383    1 0.5398
1259 2    42 0.0000    42 0.2446    1 0.5918
1260 2    375 0.0000    375 0.2512    1 0.5540
1261 2    614 0.0000    614 0.2660    1 0.5192
1262 2    614 0.0000    614 0.2549    986 0.5475
1263 2    614 0.0000    614 0.2213    986 0.6194
1264 2    755 0.0000    755 0.2823    1 0.5197
1265 2    614 0.0000    614 0.2409    986 0.5131
1266 2    375 0.0000    375 0.2824    1 0.5382
1267 2    614 0.0000    614 0.2521    1 0.5747
1268 2    614 0.0000    614 0.2121    986 0.5780
1269 2    614 0.0000    614 0.2501    986 0.5401
1270 2    755 0.0000    755 0.3180    986 0.5364
1271 2    614 0.0000    614 0.2818    986 0.5474
1272 2    755 0.0000    755 0.3087    71 0.5245
1273 2    755 0.0000    755 0.2877    1 0.5214
1274 2    614 0.0000    614 0.2565    1 0.5419
1275 2    614 0.0000    614 0.2524    1 0.5512
1276 2    614 0.0000    614 0.2198    986 0.5867
1277 2    755 0.0000    755 0.3237    71 0.5369
1278 2    614 0.0000    614 0.3079    986 0.5244
1279 2    614 0.0000    614 0.2835    1 0.4987
1280 2    614 0.0000    614 0.2111    986 0.5727
1281 2    42 0.0000    42 0.2594    1 0.5736
1282 2    375 0.0000    375 0.2364    1 0.4947
1283 2    375 0.0000    375 0.1942    1 0.4865
1284 2    375 0.0000    375 0.2000    1 0.4928
1285 2    375 0.0000    375 0.2481    1 0.5505
1286 2    375 0.0000    375 0.2273    1 0.5239
1287 2    42 0.0000    42 0.2578    1 0.5402
1288 2    375 0.0000    375 0.2668    986 0.5216
1289 2    375 0.0000    375 0.2286    1 0.5336
1290 2    375 0.0000    375 0.2428    1 0.5440
1291 2    375 0.0000    375 0.2392    1 0.5410
1292 2    375 0.0000    375 0.2117    1 0.5234
1293 2    375 0.0000    375 0.2338    1 0.5412
1294 2    375 0.0000    375 0.2348    1 0.5423
1295 2    375 0.0000    375 0.2148    1 0.5380
1296 2    375 0.0000    375 0.2399    1 0.5420
1297 2    42 0.0000    42 0.2388    1 0.5519
1298 2    375 0.0000    375 0.2299    1 0.5419
1299 2    375 0.0000    375 0.2090    1 0.5187
1300 2    375 0.0000    375 0.2465    1 0.5550
1301 2    375 0.0000    375 0.1752    1 0.4725
1302 2    375 0.0000    375 0.2122    1 0.5084
1303 2    375 0.0000    375 0.2120    1 0.4995
1304 2    375 0.0000    375 0.2052    1 0.4863
1305 2    375 0.0000    375 0.2031    1 0.4865
1306 2    375 0.0000    375 0.2033    1 0.5069
1307 2    375 0.0000    375 0.2280    1 0.5195
1308 2    375 0.0000    375 0.2181    1 0.5001
1309 2    375 0.0000    375 0.2394    1 0.5325
1310 2    375 0.0000    375 0.1716    1 0.4919
1311 2    375 0.0000    375 0.1635    1 0.4787
1312 2    375 0.0000    375 0.2071    1 0.5045
1313 2    375 0.0000    375 0.2142    1 0.5270
1314 2    375 0.0000    375 0.1663    1 0.4752
1315 2    375 0.0000    375 0.2336    1 0.5294
1316 2    375 0.0000    375 0.2270    1 0.5255
1317 2    375 0.0000    375 0.1971    1 0.5165
1318 2    375 0.0000    375 0.2334    1 0.5151
1319 2    375 0.0000    375 0.1790    1 0.4878
1320 2    375 0.0000    375 0.1507    1 0.4821
1321 2    375 0.0000    375 0.1177    71 0.4606
1322 2    375 0.0000    375 0.2028    1 0.5099
1323 2    375 0.0000    375 0.2188    1 0.5080
1324 2    375 0.0000    375 0.2604    1 0.5463
1325 2    375 0.0000    375 0.2261    1 0.5341
1326 2    375 0.0000    375 0.1539    1 0.4852
1327 2    375 0.0000    375 0.1328    71 0.4419
1328 2    375 0.0000    375 0.1515    1 0.4442
1329 2    375 0.0000    375 0.2344    5 0.5182
1330 2    375 0.0000    375 0.1784    1 0.4697
1331 2    375 0.0000    375 0.1987    1 0.4914
1332 2    375 0.0000    375 0.1692    71 0.4613
1333 2    375 0.0000    375 0.1319    71 0.4566
1334 2    375 0.0000    375 0.1885    5 0.5078
1335 2    375 0.0000    375 0.2130    614 0.5457
1336 2    375 0.0000    375 0.2400    71 0.5583
1337 2    375 0.0000    375 0.2244    614 0.5763
1338 2    375 0.0000    375 0.2073    5 0.5211
1339 2    375 0.0000    375 0.2830    5 0.5798
1340 2    375 0.0000    375 0.2083    1 0.5212
1341 2    375 0.0000    375 0.2053    71 0.5206
1342 2    375 0.0000    375 0.2168    614 0.5299
1343 2    375 0.0000    375 0.2309    614 0.5734
1344 2    375 0.0000    375 0.1607    71 0.4945
1345 2    375 0.0000    375 0.2138    1 0.5174
1346 2    42 0.0000    42 0.2445    1 0.5518
1347 2    614 0.0000    614 0.2013    986 0.5690
1348 2    375 0.0000    375 0.2453    986 0.5154
1349 2    375 0.0000    375 0.2180    986 0.4973
1350 2    614 0.0000    614 0.2502    986 0.6028
1351 2    375 0.0000    375 0.2459    986 0.5295
1352 2    375 0.0000    375 0.2556    986 0.5391
1353 2    614 0.0000    614 0.2591    986 0.5550
1354 2    375 0.0000    375 0.2454    986 0.5373
1355 2    375 0.0000    375 0.2273    1 0.5290
1356 2    375 0.0000    375 0.2364    1 0.5403
1357 2    614 0.0000    614 0.2452    986 0.5727
1358 2    375 0.0000    375 0.2501    986 0.5636
1359 2    614 0.0000    614 0.2060    986 0.5627
1360 2    614 0.0000    614 0.2061    986 0.5638
1361 2    614 0.0000    614 0.2385    986 0.5334
1362 2    375 0.0000    375 0.2492    1 0.5419
1363 2    42 0.0000    42 0.2527    1 0.5772
1364 2    375 0.0000    375 0.1889    1 0.5036
1365 2    375 0.0000    375 0.2334    1 0.5584
1366 2    375 0.0000    375 0.2377    1 0.5457
1367 2    375 0.0000    375 0.2240    1 0.5516
1368 2    375 0.0000    375 0.2182    1 0.5509
1369 2    375 0.0000    375 0.1975    1 0.5266
1370 2    375 0.0000    375 0.1250    986 0.4597
1371 2    375 0.0000    375 0.1105    986 0.4710
1372 2    375 0.0000    375 0.1470    1 0.4801
1373 2    375 0.0000    375 0.1859    1 0.5147
1374 2    375 0.0000    375 0.1347    1 0.4781
1375 2    375 0.4009    1 0.4009    71 0.4610
1376 2    375 0.0000    375 0.0876    71 0.4718
1377 2    375 0.0000    375 0.2084    71 0.5668
1378 2    375 0.0000    375 0.2407    5 0.5634
1379 2    375 0.0000    375 0.2340    5 0.5575
1380 2    375 0.0000    375 0.1591    71 0.4933
1381 2    375 0.0000    375 0.1596    71 0.5226
1382 2    375 0.0000    375 0.1371    71 0.4539
1383 2    375 0.0000    375 0.1352    1 0.4637
1384 2    375 0.0000    375 0.1713    1 0.5144
1385 2    375 0.0000    375 0.2144    1 0.5468
1386 2    375 0.0000    375 0.1922    1 0.4823
1387 2    375 0.0000    375 0.2522    1 0.5250
1388 2    375 0.0000    375 0.1718    1 0.5039
1389 2    375 0.0000    375 0.2390    1 0.5691
1390 2    375 0.0000    375 0.1413    986 0.4794
1391 2    375 0.0000    375 0.2426    1 0.5590
1392 2    375 0.0000    375 0.1967    1 0.5422
1393 2    375 0.0000    375 0.1726    1 0.5102
1394 2    375 0.0000    375 0.1403    1 0.4658
1395 2    375 0.0000    375 0.1377    1 0.4562
1396 2    375 0.0000    375 0.1566    1 0.5122
1397 2    375 0.0000    375 0.1808    1 0.5201
1398 2    375 0.0000    375 0.1799    1 0.5129
1399 2    375 0.0000    375 0.1514    1 0.4827
1400 2    375 0.0000    375 0.1181    986 0.4704
1401 2    375 0.0000    375 0.1637    1 0.4712
1402 2    375 0.0000    375 0.1405    1 0.4660
1403 2    375 0.0000    375 0.2017    1 0.5032
1404 2    375 0.0000    375 0.2348    1 0.5602
1405 2    375 0.0000    375 0.2061    1 0.5253
1406 2    375 0.0000    375 0.2173    1 0.5386
1407 2    375 0.0000    375 0.1468    1 0.4731
1408 2    375 0.0000    375 0.1629    1 0.4920
1409 2    375 0.0000    375 0.2345    1 0.5411
1410 2    375 0.0000    375 0.2458    1 0.5558
1411 2    375 0.0000    375 0.2475    1 0.5579
1412 2    42 0.0000    42 0.2711    1 0.5867
1413 2    375 0.0000    375 0.2664    1 0.5713
1414 2    375 0.0000    375 0.1699    1 0.4795
1415 2    375 0.0000    375 0.1960    1 0.5086
1416 2    375 0.0000    375 0.2496    1 0.5625
1417 2    42 0.0000    42 0.2717    1 0.5794
1418 2    375 0.0000    375 0.1997    1 0.5035
1419 2    375 0.0000    375 0.1761    1 0.4850
1420 2    375 0.0000    375 0.1830    1 0.5115
1421 2    375 0.0000    375 0.1937    1 0.5077
1422 2    375 0.0000    375 0.2224    1 0.5339
1423 2    375 0.0000    375 0.1942    1 0.5093
1424 2    375 0.0000    375 0.2188    1 0.5126
1425 2    375 0.0000    375 0.2772    1 0.5728
1426 2    375 0.0000    375 0.2515    1 0.5403
1427 2    375 0.0000    375 0.2436    1 0.5445
1428 2    375 0.0000    375 0.2386    1 0.5381
1429 2    375 0.0000    375 0.2613    1 0.5672
1430 2    375 0.0000    375 0.2572    986 0.5458
1431 2    375 0.0000    375 0.2280    986 0.5296
1432 2    375 0.0000    375 0.2541    1 0.5498
1433 2    375 0.0000    375 0.2131    1 0.5105
1434 2    375 0.0000    375 0.2667    1 0.5562
1435 2    375 0.0000    375 0.2171    1 0.5221
1436 2    375 0.0000    375 0.2105    1 0.5139
1437 2    375 0.0000    375 0.2124    1 0.5162
1438 2    375 0.0000    375 0.2696    1 0.5649
1439 2    375 0.0000    375 0.2738    1 0.5643
1440 2    375 0.0000    375 0.2844    1 0.5638
1441 2    375 0.0000    375 0.2162    986 0.5211
1442 2    375 0.0000    375 0.1736    986 0.5215
1443 2    375 0.0000    375 0.1488    986 0.4675
1444 2    375 0.0000    375 0.1411    986 0.4585
1445 2    375 0.0000    375 0.2551    1 0.5552
1446 2    375 0.0000    375 0.2265    1 0.5344
1447 2    375 0.0000    375 0.1417    1 0.4596
1448 2    375 0.0000    375 0.1862    1 0.4961
1449 2    375 0.0000    375 0.1855    1 0.4910
1450 2    375 0.0000    375 0.1564    986 0.4512
1451 2    375 0.0000    375 0.1483    71 0.5115
1452 2    375 0.0000    375 0.1757    71 0.4912
1453 2    375 0.0000    375 0.1936    71 0.5005
1454 2    375 0.0000    375 0.1907    1 0.4801
1455 2    375 0.0000    375 0.3042    71 0.5147
1456 2    614 0.0000    614 0.2304    986 0.5381
1457 2    614 0.0000    614 0.2127    986 0.5383
1458 2    375 0.0000    375 0.2440    986 0.4723
1459 2    375 0.0000    375 0.2512    42 0.5134
1460 2    375 0.0000    375 0.2274    71 0.5128
1461 2    375 0.0000    375 0.2168    5 0.5006
1462 2    986 0.0000    986 0.3012    5 0.6547
1463 2    375 0.0000    375 0.2557    5 0.5382
1464 2    375 0.0000    375 0.2356    1 0.5123
1465 2    375 0.0000    375 0.2219    986 0.4835
1466 2    375 0.0000    375 0.2345    1 0.4886
1467 2    375 0.0000    375 0.2059    5 0.5176
1468 2    375 0.0000    375 0.2327    71 0.5633
1469 2    375 0.0000    375 0.1987    71 0.4939
1470 2    375 0.0000    375 0.2693    5 0.5676
1471 2    375 0.0000    375 0.2906    5 0.5918
1472 2    986 0.0000    986 0.2825    5 0.7111
1473 2    375 0.0000    375 0.2715    71 0.6178
1474 2    375 0.0000    375 0.2593    71 0.6151
1475 2    375 0.0000    375 0.2764    5 0.5894
1476 2    375 0.0000    375 0.2674    5 0.5663
1477 2    375 0.0000    375 0.2901    5 0.6052
1478 2    42 0.0000    42 0.3202    1 0.6347
1479 2    375 0.0000    375 0.2450    1 0.5528
1480 2    986 0.0000    986 0.3297    5 0.6747
1481 2    375 0.0000    375 0.2948    5 0.5734
1482 2    375 0.0000    375 0.3581    5 0.6300
1483 2    375 0.0000    375 0.3175    5 0.5874
1484 2    375 0.0000    375 0.3517    5 0.6282
1485 2    375 0.0000    375 0.3105    5 0.6205
1486 2    375 0.0000    375 0.3185    5 0.6407
1487 2    375 0.0000    375 0.3168    5 0.6247
1488 2    986 0.0000    986 0.3603    5 0.6957
1489 2    986 0.0000    986 0.3480    5 0.6554
1490 2    986 0.0000    986 0.3272    71 0.6585
1491 2    986 0.0000    986 0.3070    71 0.6757
1492 2    986 0.0000    986 0.3079    71 0.6785
1493 2    986 0.0000    986 0.2860    71 0.6836
1494 2    986 0.0000    986 0.2981    5 0.6678
1495 2    986 0.0000    986 0.2928    5 0.6614
1496 2    986 0.0000    986 0.3230    5 0.6240
1497 2    375 0.0000    375 0.2899    5 0.5853
1498 2    375 0.0000    375 0.2934    5 0.5938
1499 2    375 0.0000    375 0.3049    5 0.5951
1500 2    375 0.0000    375 0.2804    5 0.5829
1501 2    986 0.0000    986 0.3320    5 0.6214
1502 2    375 0.0000    375 0.2175    1 0.4794
1503 2    614 0.0000    614 0.2515    1 0.5480
1504 2    614 0.0000    614 0.2513    1 0.5792
1505 2    375 0.0000    375 0.2725    71 0.4992
1506 2    614 0.0000    614 0.2985    1 0.5075
1507 2    614 0.0000    614 0.2958    1 0.5168
1508 2    614 0.0000    614 0.2559    986 0.5566
1509 2    375 0.0000    375 0.3116    1 0.5246
1510 2    375 0.0000    375 0.2772    1 0.5113
1511 2    375 0.0000    375 0.2910    1 0.5364
1512 2    42 0.0000    42 0.2836    1 0.5762
1513 2    375 0.0000    375 0.2917    1 0.5369
1514 2    42 0.0000    42 0.2906    1 0.5921
1515 2    375 0.0000    375 0.2893    1 0.5598
1516 2    42 0.0000    42 0.2749    1 0.5638
1517 2    42 0.0000    42 0.2287    1 0.6283
1518 2    42 0.0000    42 0.2835    1 0.5615
1519 2    42 0.0000    42 0.3007    5 0.5801
1520 2    42 0.0000    42 0.2809    1 0.6759
1521 2    42 0.0000    42 0.3045    1 0.6419
1522 2    42 0.0000    42 0.3348    1 0.6820
1523 2    42 0.0000    42 0.3079    1 0.6482
1524 2    42 0.0000    42 0.3467    1 0.6989
1525 2    375 0.0000    375 0.3258    1 0.6088
1526 2    375 0.0000    375 0.3107    1 0.5731
1527 2    42 0.0000    42 0.3177    5 0.6207
1528 2    375 0.0000    375 0.3129    5 0.5894
1529 2    375 0.0000    375 0.3213    1 0.6060
1530 2    42 0.0000    42 0.3073    1 0.6337
1531 2    375 0.0000    375 0.3562    1 0.6438
1532 2    42 0.0000    42 0.3508    1 0.6635
1533 2    375 0.0000    375 0.2955    1 0.5976
1534 2    42 0.0000    42 0.3413    5 0.6443
1535 2    375 0.0000    375 0.2950    1 0.5659
1536 2    42 0.0000    42 0.3203    1 0.6459
1537 2    986 0.0000    986 0.3441    5 0.6485
1538 2    375 0.0000    375 0.3334    1 0.6090
1539 2    375 0.0000    375 0.2630    5 0.5578
1540 2    375 0.0000    375 0.2517    5 0.5627
1541 2    42 0.0000    42 0.3079    1 0.6303
1542 2    42 0.0000    42 0.2896    1 0.6703
1543 2    375 0.0000    375 0.2854    1 0.5651
1544 2    42 0.0000    42 0.3046    1 0.7048
1545 2    42 0.0000    42 0.3684    1 0.7528
1546 2    42 0.0000    42 0.3571    1 0.6880
1547 2    42 0.0000    42 0.3061    1 0.6231
1548 2    42 0.0000    42 0.2644    1 0.6832
1549 2    375 0.0000    375 0.2581    1 0.5377
1550 2    42 0.0000    42 0.2664    1 0.6108
1551 2    375 0.0000    375 0.2357    1 0.5062
1552 2    375 0.0000    375 0.2438    1 0.5179
1553 2    375 0.0000    375 0.1901    986 0.4553
1554 2    375 0.0000    375 0.1866    986 0.4811
1555 2    375 0.0000    375 0.2784    986 0.5506
1556 2    375 0.0000    375 0.3126    986 0.6174
1557 2    375 0.0000    375 0.2233    42 0.5157
1558 2    375 0.0000    375 0.3079    986 0.6015
1559 2    375 0.0000    375 0.2655    986 0.5191
1560 2    375 0.0000    375 0.1668    71 0.4500
1561 2    375 0.0000    375 0.2245    986 0.5102
1562 2    375 0.0000    375 0.2079    71 0.4876
1563 2    375 0.0000    375 0.2575    986 0.5433
1564 2    375 0.0000    375 0.2284    71 0.4812
1565 2    375 0.0000    375 0.2834    42 0.5435
1566 2    375 0.0000    375 0.2489    986 0.5133
1567 2    375 0.0000    375 0.2384    71 0.4956
1568 2    375 0.0000    375 0.2346    1 0.4836
1569 2    375 0.0000    375 0.2878    5 0.5234
1570 2    375 0.0000    375 0.2282    1 0.4780
1571 2    375 0.0000    375 0.2234    71 0.5160
1572 2    375 0.0000    375 0.2432    5 0.4817
1573 2    375 0.0000    375 0.2488    71 0.5065
1574 2    375 0.0000    375 0.2594    71 0.5321
1575 2    375 0.0000    375 0.2844    5 0.5385
1576 2    42 0.0000    42 0.2852    1 0.5282
1577 2    375 0.0000    375 0.2808    71 0.5093
1578 2    42 0.0000    42 0.2835    1 0.5293
1579 2    375 0.0000    375 0.2320    71 0.5274
1580 2    375 0.0000    375 0.2197    5 0.4803
1581 2    375 0.0000    375 0.2576    5 0.4830
1582 2    375 0.0000    375 0.2732    1 0.5111
1583 2    375 0.0000    375 0.2759    1 0.4868
1584 2    614 0.0000    614 0.3069    1 0.5182
1585 2    614 0.0000    614 0.2859    986 0.5324
1586 2    614 0.0000    614 0.2943    986 0.5260
1587 2    375 0.0000    375 0.2476    1 0.4522
1588 2    375 0.0000    375 0.2656    1 0.4700
1589 2    375 0.0000    375 0.2748    1 0.5152
1590 2    375 0.0000    375 0.2596    71 0.4597
1591 2    375 0.0000    375 0.2184    71 0.4504
1592 2    375 0.0000    375 0.2436    5 0.5053
1593 2    375 0.0000    375 0.2290    1 0.4758
1594 2    375 0.0000    375 0.2818    5 0.5387
1595 2    42 0.0000    42 0.2754    1 0.5398
1596 2    375 0.0000    375 0.2388    1 0.4825
1597 2    375 0.0000    375 0.2481    1 0.5247
1598 2    375 0.0000    375 0.2454    1 0.5208
1599 2    375 0.0000    375 0.2360    614 0.5124
1600 2    375 0.0000    375 0.2547    5 0.5466
1601 2    375 0.0000    375 0.2215    5 0.5241
1602 2    375 0.0000    375 0.2879    1 0.5544
1603 2    375 0.0000    375 0.2223    5 0.5373
1604 2    375 0.0000    375 0.2308    1 0.5495
1605 2    375 0.0000    375 0.2129    1 0.5184
1606 2    375 0.0000    375 0.2398    1 0.5362
1607 2    375 0.0000    375 0.2443    1 0.5482
1608 2    614 0.0000    614 0.1839    986 0.5677
1609 2    614 0.0000    614 0.2400    986 0.4978
1610 2    614 0.0000    614 0.2448    1 0.5541
1611 2    614 0.0000    614 0.1863    1 0.5480
1612 2    614 0.0000    614 0.1841    986 0.6383
1613 2    614 0.0000    614 0.1294    986 0.6105
1614 2    614 0.4510    375 0.4050    986 0.6539
1615 2    614 0.0000    614 0.1510    1 0.5977
1616 2    614 0.0000    614 0.2803    1 0.6896
1617 2    614 0.0000    614 0.2504    986 0.7805
1618 2    614 0.0000    614 0.2710    986 0.7201
1619 2    614 0.0000    614 0.2182    986 0.7505
1620 2    614 0.0000    614 0.1626    986 0.6801
1621 2    614 0.0000    614 0.1403    986 0.6061
1622 2    614 0.0000    614 0.1383    986 0.6519
1623 2    614 0.0000    614 0.1824    986 0.7504
1624 2    614 0.0000    614 0.1608    986 0.6742
1625 2    614 0.0000    614 0.1338    986 0.6856
1626 2    614 0.0000    614 0.1385    986 0.5885
1627 2    375 0.0000    375 0.2546    1 0.5432
1628 2    375 0.0000    375 0.2436    1 0.5104
1629 2    375 0.0000    375 0.2343    5 0.5106
1630 2    375 0.0000    375 0.2325    71 0.5054
1631 2    375 0.0000    375 0.2291    5 0.5203
1632 2    375 0.0000    375 0.3039    5 0.5822
1633 2    375 0.0000    375 0.3173    5 0.5932
1634 2    375 0.0000    375 0.2696    5 0.5756
1635 2    375 0.0000    375 0.2885    5 0.5875
1636 2    375 0.0000    375 0.3154    71 0.6106
1637 2    375 0.0000    375 0.2530    5 0.5557
1638 2    375 0.0000    375 0.2829    1 0.5911
1639 2    375 0.0000    375 0.2471    1 0.5503
1640 2    375 0.0000    375 0.2594    1 0.5687
1641 2    375 0.0000    375 0.2538    1 0.5680
1642 2    375 0.0000    375 0.2250    5 0.5343
1643 2    375 0.0000    375 0.2818    1 0.5958
1644 2    375 0.0000    375 0.2224    1 0.5389
1645 2    614 0.0000    614 0.2773    986 0.5732
1646 2    375 0.0000    375 0.2127    1 0.5118
1647 2    375 0.0000    375 0.2121    1 0.5254
1648 2    375 0.0000    375 0.2181    1 0.5156
1649 2    375 0.0000    375 0.2538    1 0.5550
1650 2    375 0.0000    375 0.2837    1 0.5793
1651 2    375 0.0000    375 0.2800    1 0.5465
1652 2    375 0.0000    375 0.3278    5 0.5867
1653 2    375 0.0000    375 0.3286    5 0.5953
1654 2    986 0.0000    986 0.3402    5 0.6417
1655 2    986 0.0000    986 0.3398    1 0.6436
1656 2    375 0.0000    375 0.3346    1 0.6323
1657 2    375 0.0000    375 0.3173    1 0.6016
1658 2    375 0.0000    375 0.2799    5 0.5582
1659 2    375 0.0000    375 0.2400    71 0.5270
1660 2    375 0.0000    375 0.2916    5 0.5700
1661 2    375 0.0000    375 0.2969    5 0.5532
1662 2    375 0.0000    375 0.3272    5 0.5833
1663 2    986 0.0000    986 0.3115    5 0.6647
1664 2    375 0.0000    375 0.3521    1 0.6330
1665 2    986 0.0000    986 0.3401    5 0.6523
1666 2    986 0.0000    986 0.3396    1 0.6515
1667 2    42 0.0000    42 0.3351    1 0.6949
1668 2    42 0.0000    42 0.3588    1 0.6664
1669 2    375 0.0000    375 0.3547    1 0.6406
1670 2    986 0.0000    986 0.3453    5 0.6485
1671 2    986 0.0000    986 0.3243    1 0.6104
1672 2    986 0.0000    986 0.3197    5 0.6179
1673 2    986 0.0000    986 0.3453    5 0.6287
1674 2    375 0.0000    375 0.3206    1 0.6136
1675 2    375 0.0000    375 0.3326    1 0.6199
1676 2    42 0.0000    42 0.3557    1 0.6768
1677 2    42 0.0000    42 0.3642    1 0.6767
1678 2    375 0.0000    375 0.3210    1 0.5895
1679 2    375 0.0000    375 0.3291    1 0.5985
1680 2    375 0.0000    375 0.3268    1 0.6163
1681 2    375 0.0000    375 0.3471    1 0.6394
1682 2    375 0.0000    375 0.3007    1 0.5852
1683 2    42 0.0000    42 0.3429    1 0.6585
1684 2    986 0.0000    986 0.3512    1 0.6457
1685 2    986 0.0000    986 0.3370    1 0.6198
1686 2    986 0.0000    986 0.3216    5 0.6156
1687 2    375 0.0000    375 0.3373    1 0.6278
1688 2    375 0.0000    375 0.3229    1 0.6001
1689 2    375 0.0000    375 0.2535    1 0.5489
1690 2    42 0.0000    42 0.3574    1 0.6795
1691 2    42 0.0000    42 0.3433    1 0.6798
1692 2    986 0.0000    986 0.3129    1 0.6240
1693 2    986 0.0000    986 0.3214    5 0.6325
1694 2    375 0.0000    375 0.3527    1 0.6385
1695 2    375 0.0000    375 0.3264    1 0.6135
1696 2    986 0.0000    986 0.3303    1 0.6191
1697 2    375 0.0000    375 0.3355    1 0.6182
1698 2    375 0.0000    375 0.3121    5 0.5840
1699 2    986 0.0000    986 0.3130    5 0.5943
1700 2    986 0.0000    986 0.2765    5 0.6154
1701 2    986 0.0000    986 0.3309    1 0.6028
1702 2    42 0.0000    42 0.3482    1 0.6478
1703 2    375 0.0000    375 0.3485    1 0.6213
1704 2    375 0.0000    375 0.2933    5 0.5566
1705 2    986 0.0000    986 0.3069    5 0.5733
1706 2    42 0.0000    42 0.3268    1 0.6368
1707 2    986 0.0000    986 0.3527    1 0.6428
1708 2    986 0.0000    986 0.3351    1 0.6350
1709 2    986 0.0000    986 0.3447    1 0.6663
1710 2    755 0.0000    755 0.3371    1 0.6150
1711 2    42 0.0000    42 0.3363    1 0.6532
1712 2    986 0.0000    986 0.3508    1 0.6420
1713 2    42 0.0000    42 0.3344    1 0.6628
1714 2    986 0.0000    986 0.3288    1 0.6507
1715 2    986 0.0000    986 0.3201    1 0.6844
1716 2    986 0.0000    986 0.3370    1 0.6216
1717 2    986 0.0000    986 0.2489    5 0.6541
1718 2    375 0.0000    375 0.2878    5 0.5457
1719 2    986 0.0000    986 0.2703    5 0.6234
1720 2    986 0.0000    986 0.2264    614 0.6592
1721 2    986 0.0000    986 0.2940    71 0.6785
1722 2    986 0.0000    986 0.2859    71 0.6524
1723 2    755 0.0000    755 0.3021    1 0.5832
1724 2    986 0.0000    986 0.2995    71 0.6122
1725 2    755 0.0000    755 0.2912    71 0.5719
1726 2    986 0.0000    986 0.2899    71 0.6073
1727 2    986 0.0000    986 0.3290    71 0.6116
1728 2    755 0.0000    755 0.3288    71 0.6183
1729 2    986 0.0000    986 0.3233    1 0.6178
1730 2    986 0.0000    986 0.3332    1 0.6298
1731 2    986 0.0000    986 0.3269    71 0.6073
1732 2    986 0.0000    986 0.2759    5 0.6297
1733 2    986 0.0000    986 0.3228    5 0.6288
1734 2    755 0.0000    755 0.2834    1 0.6292
1735 2    755 0.0000    755 0.2927    1 0.6354
1736 2    755 0.0000    755 0.2338    71 0.5168
1737 2    755 0.0000    755 0.2382    71 0.5166
1738 2    755 0.0000    755 0.2140    1 0.5166
1739 2    755 0.0000    755 0.1720    1 0.5155
1740 2    755 0.0000    755 0.2175    1 0.5570
1741 2    755 0.0000    755 0.2138    1 0.5398
1742 2    755 0.0000    755 0.1876    1 0.5134
1743 2    755 0.0000    755 0.2496    5 0.5966
1744 2    755 0.0000    755 0.2116    71 0.5715
1745 2    755 0.0000    755 0.1618    1 0.5673
1746 2    755 0.0000    755 0.1968    1 0.6113
1747 2    755 0.0000    755 0.1305    1 0.5438
1748 2    755 0.0000    755 0.1563    1 0.5724
1749 2    755 0.0000    755 0.1294    1 0.5456
1750 2    755 0.0000    755 0.1354    1 0.5633
1751 2    755 0.0000    755 0.0991    1 0.6103
1752 2    755 0.0000    755 0.1727    1 0.6591
1753 2    755 0.0000    755 0.1910    1 0.6610
1754 2    755 0.0000    755 0.1163    1 0.5899
1755 2    755 0.4670    375 0.4015    1 0.5707
1756 2    755 0.0000    755 0.1775    1 0.6474
1757 2    755 0.0000    755 0.1294    1 0.6246
1758 2    755 0.0000    755 0.1473    1 0.6169
1759 2    755 0.0000    755 0.1830    1 0.6557
1760 2    755 0.0000    755 0.1768    1 0.6810
1761 2    755 0.0000    755 0.1347    1 0.6374
1762 2    755 0.0000    755 0.1453    1 0.6310
1763 2    755 0.0000    755 0.1976    1 0.6730
1764 2    755 0.0000    755 0.1785    1 0.6623
1765 2    755 0.0000    755 0.1226    1 0.5750
1766 2    755 0.0000    755 0.1561    1 0.5874
1767 2    755 0.0000    755 0.1539    1 0.5831
1768 2    755 0.0000    755 0.0876    1 0.5806
1769 2    755 0.0000    755 0.1338    1 0.6107
1770 2    755 0.0000    755 0.1709    1 0.6180
1771 2    755 0.0000    755 0.1521    1 0.6396
1772 2    755 0.0000    755 0.1751    1 0.6271
1773 2    755 0.0000    755 0.1326    1 0.6147
1774 2    755 0.0000    755 0.1655    1 0.6530
1775 2    755 0.0000    755 0.2044    1 0.6761
1776 2    755 0.0000    755 0.2688    1 0.6866
1777 2    755 0.0000    755 0.2723    1 0.7009
1778 2    755 0.0000    755 0.2293    1 0.6738
1779 2    755 0.0000    755 0.1966    1 0.6227
1780 2    755 0.0000    755 0.1923    71 0.5668
1781 2    755 0.0000    755 0.1846    1 0.5967
1782 2    755 0.0000    755 0.2641    1 0.6700
1783 2    755 0.0000    755 0.2627    1 0.6592
1784 2    755 0.0000    755 0.2620    1 0.6635
1785 2    755 0.0000    755 0.2398    1 0.6505
1786 2    755 0.0000    755 0.2613    1 0.6596
1787 2    755 0.0000    755 0.2673    1 0.6580
1788 2    755 0.0000    755 0.2967    1 0.6440
1789 2    755 0.0000    755 0.2585    1 0.6393
1790 2    755 0.0000    755 0.2397    1 0.6543
1791 2    755 0.0000    755 0.2526    1 0.6552
1792 2    755 0.0000    755 0.2410    1 0.6598
1793 2    755 0.0000    755 0.1991    1 0.6366
1794 2    755 0.0000    755 0.2777    1 0.6904
1795 2    755 0.0000    755 0.2675    5 0.6348
1796 2    755 0.0000    755 0.2247    1 0.6318
1797 2    755 0.0000    755 0.2497    1 0.6276
1798 2    755 0.0000    755 0.2888    1 0.6832
1799 2    755 0.0000    755 0.2716    1 0.6567
1800 2    755 0.0000    755 0.3172    1 0.7108
1801 2    755 0.0000    755 0.2999    1 0.6969
1802 2    755 0.0000    755 0.3522    1 0.7609
1803 2    755 0.0000    755 0.2863    1 0.7289
1804 2    755 0.0000    755 0.3290    1 0.7704
1805 2    755 0.0000    755 0.3159    1 0.7574
1806 2    755 0.0000    755 0.3017    1 0.7436
1807 2    755 0.0000    755 0.3084    1 0.7354
1808 2    755 0.0000    755 0.2766    1 0.7015
1809 2    755 0.0000    755 0.2587    1 0.6868
1810 2    755 0.0000    755 0.2848    1 0.7257
1811 2    755 0.0000    755 0.2232    1 0.6714
1812 2    755 0.0000    755 0.2191    1 0.6425
1813 2    755 0.0000    755 0.2658    1 0.6931
1814 2    755 0.0000    755 0.2808    1 0.6941
1815 2    755 0.0000    755 0.2811    1 0.6878
1816 2    755 0.0000    755 0.2834    1 0.7024
1817 2    755 0.0000    755 0.2905    1 0.7026
1818 2    755 0.0000    755 0.2840    1 0.7027
1819 2    755 0.0000    755 0.2567    1 0.7018
1820 2    755 0.0000    755 0.2806    1 0.7112
1821 2    755 0.0000    755 0.2789    1 0.7145
1822 2    755 0.0000    755 0.2587    1 0.6935
1823 2    755 0.0000    755 0.2484    1 0.6658
1824 2    755 0.0000    755 0.2800    1 0.7170
1825 2    755 0.0000    755 0.2921    1 0.6720
1826 2    755 0.0000    755 0.3257    1 0.7535
1827 2    755 0.0000    755 0.2930    1 0.7378
1828 2    755 0.0000    755 0.2871    1 0.7187
1829 2    755 0.0000    755 0.3210    1 0.7618
1830 2    755 0.0000    755 0.2808    1 0.7200
1831 2    755 0.0000    755 0.2679    1 0.7020
1832 2    755 0.0000    755 0.2876    1 0.7360
1833 2    755 0.0000    755 0.2896    1 0.7265
1834 2    755 0.0000    755 0.3157    1 0.7634
1835 2    755 0.0000    755 0.3025    1 0.7519
1836 2    755 0.0000    755 0.3174    1 0.7601
1837 2    755 0.0000    755 0.3614    1 0.7922
1838 2    755 0.0000    755 0.3642    1 0.7842
1839 2    755 0.0000    755 0.3311    1 0.7476
1840 2    755 0.0000    755 0.3212    1 0.7418
1841 2    755 0.0000    755 0.3037    1 0.7276
1842 2    755 0.0000    755 0.3222    1 0.7422
1843 2    755 0.0000    755 0.3315    1 0.7416
1844 2    755 0.0000    755 0.3388    1 0.7183
1845 2    755 0.0000    755 0.3019    1 0.6803
1846 2    755 0.0000    755 0.2743    1 0.6335
1847 2    755 0.0000    755 0.2142    1 0.5709
1848 2    755 0.0000    755 0.2604    1 0.5615
1849 2    755 0.0000    755 0.2991    1 0.6051
1850 2    755 0.0000    755 0.2531    1 0.5974
1851 2    755 0.0000    755 0.2819    1 0.6288
1852 2    986 0.0000    986 0.3256    1 0.6126
1853 2    986 0.0000    986 0.2939    71 0.6227
1854 2    986 0.0000    986 0.3162    1 0.6137
1855 2    986 0.0000    986 0.3340    71 0.6283
1856 2    986 0.0000    986 0.3131    1 0.6507
1857 2    986 0.0000    986 0.3066    1 0.6266
1858 2    986 0.0000    986 0.3285    1 0.6179
1859 2    986 0.0000    986 0.2941    1 0.5919
1860 2    755 0.0000    755 0.2987    1 0.6000
1861 2    986 0.0000    986 0.3078    1 0.6577
1862 2    986 0.0000    986 0.2974    1 0.6198
1863 2    986 0.0000    986 0.2812    71 0.6122
1864 2    755 0.0000    755 0.3112    1 0.6148
1865 2    755 0.0000    755 0.3322    1 0.6375
1866 2    755 0.0000    755 0.3218    1 0.6291
1867 2    755 0.0000    755 0.2842    1 0.5620
1868 2    755 0.0000    755 0.2974    1 0.5780
1869 2    755 0.0000    755 0.3334    1 0.6353
1870 2    375 0.0000    375 0.2874    1 0.5645
1871 2    375 0.0000    375 0.2581    1 0.5129
1872 2    375 0.0000    375 0.2779    71 0.5499
1873 2    375 0.0000    375 0.2817    1 0.5365
1874 2    375 0.0000    375 0.3054    1 0.5610
1875 2    755 0.0000    755 0.2546    1 0.4889
1876 2    755 0.0000    755 0.2882    71 0.5236
1877 2    375 0.0000    375 0.3338    71 0.5364
1878 2    375 0.0000    375 0.2955    71 0.5245
1879 2    375 0.0000    375 0.3342    71 0.5454
1880 2    755 0.0000    755 0.2599    71 0.5467
1881 2    755 0.0000    755 0.2990    71 0.5653
1882 2    375 0.0000    375 0.2702    71 0.5235
1883 2    375 0.0000    375 0.2891    1 0.5086
1884 2    755 0.0000    755 0.2229    71 0.4990
1885 2    755 0.0000    755 0.2460    986 0.5076
1886 2    755 0.0000    755 0.2440    71 0.5191
1887 2    755 0.0000    755 0.2782    986 0.5624
1888 2    755 0.0000    755 0.2871    1 0.5980
1889 2    614 0.0000    614 0.2897    986 0.5811
1890 2    755 0.0000    755 0.2840    986 0.5411
1891 2    755 0.0000    755 0.2907    986 0.4915
1892 2    755 0.0000    755 0.2775    1 0.4950
1893 2    755 0.0000    755 0.3001    1 0.5006
1894 2    375 0.0000    375 0.3435    1 0.5257
1895 2    755 0.0000    755 0.3356    1 0.5354
1896 2    755 0.0000    755 0.3102    1 0.5118
1897 2    755 0.0000    755 0.3453    986 0.5081
1898 2    375 0.0000    375 0.3239    1 0.4933
1899 2    755 0.0000    755 0.2705    1 0.4935
1900 2    755 0.0000    755 0.2945    1 0.5113
1901 2    755 0.0000    755 0.3007    1 0.5626
1902 2    755 0.0000    755 0.2867    1 0.6133
1903 2    755 0.0000    755 0.2605    71 0.5363
1904 2    755 0.0000    755 0.2544    1 0.5865
1905 2    375 0.0000    375 0.3036    71 0.5526
1906 2    986 0.0000    986 0.2573    71 0.5930
1907 2    755 0.0000    755 0.2957    71 0.5877
1908 2    986 0.0000    986 0.2639    71 0.5889
1909 2    986 0.0000    986 0.2695    1 0.5823
1910 2    755 0.0000    755 0.2498    1 0.5653
1911 2    986 0.0000    986 0.2625    1 0.5641
1912 2    986 0.0000    986 0.2737    1 0.5934
1913 2    986 0.0000    986 0.2624    1 0.5454
1914 2    986 0.0000    986 0.2478    1 0.5826
1915 2    986 0.0000    986 0.2811    1 0.5590
1916 2    986 0.0000    986 0.2448    1 0.5805
1917 2    986 0.0000    986 0.2180    5 0.6242
1918 2    986 0.0000    986 0.2464    1 0.5804
1919 2    986 0.0000    986 0.2372    5 0.6210
1920 2    986 0.0000    986 0.2506    1 0.6562
1921 2    986 0.0000    986 0.2274    5 0.6450
1922 2    986 0.0000    986 0.2433    71 0.5984
1923 2    755 0.0000    755 0.3304    1 0.5887
1924 2    986 0.0000    986 0.2936    71 0.6051
1925 2    986 0.0000    986 0.2812    1 0.5972
1926 2    986 0.0000    986 0.2605    1 0.5737
1927 2    986 0.0000    986 0.2684    1 0.6246
1928 2    986 0.0000    986 0.3070    1 0.6696
1929 2    986 0.0000    986 0.2605    1 0.6244
1930 2    986 0.0000    986 0.2201    71 0.5789
1931 2    755 0.0000    755 0.2256    1 0.5211
1932 2    986 0.0000    986 0.2522    71 0.5541
1933 2    755 0.0000    755 0.2539    1 0.5817
1934 2    755 0.0000    755 0.2597    1 0.5480
1935 2    986 0.0000    986 0.1925    71 0.5706
1936 2    755 0.0000    755 0.2612    71 0.4870
1937 2    755 0.0000    755 0.2495    1 0.5318
1938 2    755 0.0000    755 0.2509    1 0.5027
1939 2    986 0.0000    986 0.2303    71 0.5652
1940 2    986 0.0000    986 0.2168    71 0.5823
1941 2    986 0.0000    986 0.1766    71 0.6305
1942 2    986 0.0000    986 0.2676    71 0.5733
1943 2    986 0.0000    986 0.2259    71 0.5972
1944 2    986 0.0000    986 0.2642    71 0.5511
1945 2    986 0.0000    986 0.2279    71 0.6475
1946 2    986 0.0000    986 0.2569    71 0.6686
1947 2    986 0.0000    986 0.2413    71 0.6759
1948 2    986 0.0000    986 0.2402    71 0.5798
1949 2    986 0.0000    986 0.2071    614 0.6728
1950 2    986 0.0000    986 0.2492    614 0.6511
1951 2    986 0.0000    986 0.2602    614 0.6778
1952 2    986 0.0000    986 0.2828    614 0.6592
1953 2    986 0.0000    986 0.2500    614 0.7168
1954 2    986 0.0000    986 0.2805    614 0.6692
1955 2    986 0.0000    986 0.2930    614 0.7120
1956 2    986 0.0000    986 0.2837    614 0.6772
1957 2    986 0.0000    986 0.2810    614 0.6861
1958 2    986 0.0000    986 0.2224    614 0.6864
1959 2    986 0.0000    986 0.2364    614 0.6773
1960 2    986 0.0000    986 0.2485    614 0.6164
1961 2    986 0.0000    986 0.2511    614 0.6421
1962 2    986 0.0000    986 0.3105    614 0.6625
1963 2    986 0.0000    986 0.2376    614 0.6176
1964 2    986 0.0000    986 0.2229    614 0.6541
1965 2    986 0.0000    986 0.2555    614 0.6512
1966 2    986 0.0000    986 0.2667    614 0.5901
1967 2    986 0.0000    986 0.2408    614 0.6182
1968 2    986 0.0000    986 0.2858    614 0.6387
1969 2    986 0.0000    986 0.2579    614 0.6276
1970 2    986 0.0000    986 0.2195    614 0.6877
1971 2    986 0.0000    986 0.1900    614 0.6559
1972 2    986 0.0000    986 0.1861    614 0.6539
1973 2    986 0.0000    986 0.1405    614 0.6801
1974 2    986 0.0000    986 0.1619    614 0.6762
1975 2    986 0.0000    986 0.1735    614 0.6457
1976 2    986 0.0000    986 0.1820    614 0.6951
1977 2    986 0.0000    986 0.1780    614 0.6479
1978 2    986 0.0000    986 0.1354    5 0.6560
1979 2    986 0.0000    986 0.1147    614 0.6296
1980 2    986 0.0000    986 0.0936    5 0.6274
1981 2    986 0.0000    986 0.1522    614 0.6187
1982 2    986 0.0000    986 0.0939    5 0.6710
1983 2    986 0.0000    986 0.1166    5 0.6453
1984 2    986 0.0000    986 0.1204    5 0.6143
1985 2    986 0.0000    986 0.0752    614 0.6514
1986 2    986 0.4776    755 0.4068    614 0.6539
1987 2    986 0.0000    986 0.1228    614 0.6450
1988 2    986 0.0000    986 0.1402    5 0.5715
1989 2    986 0.0000    986 0.1468    5 0.5961
1990 2    986 0.0000    986 0.1459    614 0.5788
1991 2    986 0.0000    986 0.2240    71 0.5401
1992 2    986 0.0000    986 0.1905    71 0.5398
1993 2    986 0.0000    986 0.1743    71 0.5701
1994 2    986 0.0000    986 0.1602    614 0.6370
1995 2    986 0.0000    986 0.0916    614 0.6662
1996 2    986 0.0000    986 0.1331    614 0.6770
1997 2    986 0.0000    986 0.1043    614 0.6769
1998 2    986 0.0000    986 0.1314    614 0.6210
1999 2    986 0.0000    986 0.1754    71 0.5872
2000 2    986 0.0000    986 0.1046    614 0.6433
2001 2    986 0.0000    986 0.1348    5 0.6951
