# This file stores the RMSD distribution for
# 	Trajectory = Met_Amber1_stripped
# BinEdges | BinMid | RMSD distribution
0.000000  0.000964  0
0.001928  0.002892  0
0.003856  0.004820  0
0.005784  0.006748  0
0.007712  0.008676  0
0.009640  0.010604  0
0.011568  0.012532  0
0.013496  0.014460  0
0.015424  0.016388  2
0.017352  0.018316  4
0.019280  0.020244  12
0.021208  0.022172  20
0.023136  0.024100  33
0.025064  0.026028  38
0.026992  0.027956  48
0.028920  0.029884  61
0.030848  0.031812  59
0.032776  0.033740  104
0.034704  0.035668  91
0.036632  0.037596  108
0.038560  0.039524  144
0.040488  0.041452  149
0.042416  0.043380  168
0.044344  0.045308  181
0.046272  0.047236  203
0.048200  0.049164  221
0.050128  0.051092  206
0.052056  0.053020  265
0.053984  0.054948  272
0.055912  0.056876  298
0.057840  0.058804  321
0.059768  0.060732  339
0.061696  0.062660  379
0.063624  0.064588  385
0.065552  0.066516  442
0.067480  0.068444  514
0.069408  0.070372  549
0.071336  0.072300  590
0.073264  0.074228  603
0.075192  0.076156  658
0.077120  0.078084  671
0.079048  0.080012  682
0.080976  0.081940  772
0.082904  0.083868  783
0.084832  0.085796  892
0.086760  0.087724  969
0.088688  0.089652  1080
0.090616  0.091580  1066
0.092544  0.093508  1116
0.094472  0.095436  1168
0.096400  0.097364  1413
0.098328  0.099292  1439
0.100256  0.101220  1449
0.102184  0.103148  1781
0.104112  0.105076  1721
0.106040  0.107004  1957
0.107968  0.108932  2048
0.109896  0.110860  2227
0.111824  0.112788  2275
0.113752  0.114716  2391
0.115680  0.116644  2730
0.117608  0.118572  2670
0.119536  0.120500  2937
0.121464  0.122428  3096
0.123392  0.124356  3508
0.125320  0.126284  3469
0.127248  0.128212  3527
0.129176  0.130140  3967
0.131104  0.132068  3835
0.133032  0.133996  4090
0.134960  0.135924  4097
0.136888  0.137852  4658
0.138816  0.139780  4481
0.140744  0.141708  4613
0.142672  0.143636  4887
0.144600  0.145564  5154
0.146528  0.147492  5010
0.148456  0.149420  5077
0.150384  0.151348  5501
0.152312  0.153276  5367
0.154240  0.155204  5491
0.156168  0.157132  5602
0.158096  0.159060  5975
0.160024  0.160988  5598
0.161952  0.162916  5693
0.163880  0.164844  5951
0.165808  0.166772  5729
0.167736  0.168700  5775
0.169664  0.170628  5886
0.171592  0.172556  6183
0.173520  0.174484  5955
0.175448  0.176412  5828
0.177376  0.178340  6290
0.179304  0.180268  5959
0.181232  0.182196  5875
0.183160  0.184124  5903
0.185088  0.186052  6173
0.187016  0.187980  5779
0.188944  0.189908  5766
0.190872  0.191836  5746
0.192800  0.193764  6044
0.194728  0.195692  5843
0.196656  0.197620  5685
0.198584  0.199548  5843
0.200512  0.201476  5504
0.202440  0.203404  5408
0.204368  0.205332  5397
0.206296  0.207260  5603
0.208224  0.209188  5209
0.210152  0.211116  5210
0.212080  0.213044  5602
0.214008  0.214972  5041
0.215936  0.216900  5014
0.217864  0.218828  4998
0.219792  0.220756  5103
0.221720  0.222684  4846
0.223648  0.224612  4711
0.225576  0.226540  5072
0.227504  0.228468  4634
0.229432  0.230396  4598
0.231360  0.232324  4432
0.233288  0.234252  4588
0.235216  0.236180  4210
0.237144  0.238108  4219
0.239072  0.240036  4208
0.241000  0.241964  4114
0.242928  0.243892  3786
0.244856  0.245820  3970
0.246784  0.247748  3914
0.248712  0.249676  3572
0.250640  0.251604  3628
0.252568  0.253532  3579
0.254496  0.255460  3628
0.256424  0.257388  3350
0.258352  0.259316  3391
0.260280  0.261244  3463
0.262208  0.263172  3155
0.264136  0.265100  3133
0.266064  0.267028  3082
0.267992  0.268956  3069
0.269920  0.270884  2804
0.271848  0.272812  2887
0.273776  0.274740  3005
0.275704  0.276668  2644
0.277632  0.278596  2723
0.279560  0.280524  2633
0.281488  0.282452  2710
0.283416  0.284380  2438
0.285344  0.286308  2426
0.287272  0.288236  2338
0.289200  0.290164  2377
0.291128  0.292092  2237
0.293056  0.294020  2138
0.294984  0.295948  2162
0.296912  0.297876  1900
0.298840  0.299804  1967
0.300768  0.301732  1944
0.302696  0.303660  1930
0.304624  0.305588  1831
0.306552  0.307516  1732
0.308480  0.309444  1724
0.310408  0.311372  1633
0.312336  0.313300  1592
0.314264  0.315228  1509
0.316192  0.317156  1551
0.318120  0.319084  1338
0.320048  0.321012  1367
0.321976  0.322940  1361
0.323904  0.324868  1203
0.325832  0.326796  1249
0.327760  0.328724  1109
0.329688  0.330652  1167
0.331616  0.332580  1097
0.333544  0.334508  1069
0.335472  0.336436  934
0.337400  0.338364  985
0.339328  0.340292  930
0.341256  0.342220  830
0.343184  0.344148  830
0.345112  0.346076  766
0.347040  0.348004  786
0.348968  0.349932  720
0.350896  0.351860  752
0.352824  0.353788  641
0.354752  0.355716  647
0.356680  0.357644  663
0.358608  0.359572  597
0.360536  0.361500  610
0.362464  0.363428  525
0.364392  0.365356  491
0.366320  0.367284  448
0.368248  0.369212  451
0.370176  0.371140  453
0.372104  0.373068  454
0.374032  0.374996  401
0.375960  0.376924  370
0.377888  0.378852  404
0.379816  0.380780  349
0.381744  0.382708  300
0.383672  0.384636  325
0.385600  0.386564  275
0.387528  0.388492  243
0.389456  0.390420  231
0.391384  0.392348  224
0.393312  0.394276  178
0.395240  0.396204  198
0.397168  0.398132  158
0.399096  0.400060  199
0.401024  0.401988  141
0.402952  0.403916  131
0.404880  0.405844  123
0.406808  0.407772  96
0.408736  0.409700  117
0.410664  0.411628  95
0.412592  0.413556  100
0.414520  0.415484  81
0.416448  0.417412  64
0.418376  0.419340  51
0.420304  0.421268  34
0.422232  0.423196  43
0.424160  0.425124  26
0.426088  0.427052  29
0.428016  0.428980  26
0.429944  0.430908  24
0.431872  0.432836  17
0.433800  0.434764  22
0.435728  0.436692  17
0.437656  0.438620  5
0.439584  0.440548  16
0.441512  0.442476  11
0.443440  0.444404  4
0.445368  0.446332  6
0.447296  0.448260  2
0.449224  0.450188  1
0.451152  0.452116  0
0.453080  0.454044  0
0.455008  0.455972  1
0.456936  0.457900  0
0.458864  0.459828  0
0.460792  0.461756  0
0.462720  0.463684  0
0.464648  0.465612  0
0.466576  0.467540  0
0.468504  0.469468  0
0.470432  0.471396  0
0.472360  0.473324  0
0.474288  0.475252  0
0.476216  0.477180  0
0.478144  0.479108  0
0.480072  0.481036  0
0.482000
