# This file stores the RMSD distribution for
# 	Trajectory = Met_Amber2_stripped
# BinEdges | BinMid | RMSD distribution
0.000000  0.000964  0
0.001928  0.002892  0
0.003856  0.004820  0
0.005784  0.006748  0
0.007712  0.008676  0
0.009640  0.010604  0
0.011568  0.012532  0
0.013496  0.014460  0
0.015424  0.016388  4
0.017352  0.018316  8
0.019280  0.020244  26
0.021208  0.022172  37
0.023136  0.024100  59
0.025064  0.026028  90
0.026992  0.027956  142
0.028920  0.029884  178
0.030848  0.031812  211
0.032776  0.033740  259
0.034704  0.035668  334
0.036632  0.037596  376
0.038560  0.039524  392
0.040488  0.041452  425
0.042416  0.043380  460
0.044344  0.045308  458
0.046272  0.047236  526
0.048200  0.049164  585
0.050128  0.051092  626
0.052056  0.053020  645
0.053984  0.054948  730
0.055912  0.056876  721
0.057840  0.058804  741
0.059768  0.060732  836
0.061696  0.062660  918
0.063624  0.064588  853
0.065552  0.066516  912
0.067480  0.068444  972
0.069408  0.070372  941
0.071336  0.072300  1009
0.073264  0.074228  989
0.075192  0.076156  1132
0.077120  0.078084  1098
0.079048  0.080012  1114
0.080976  0.081940  1247
0.082904  0.083868  1299
0.084832  0.085796  1364
0.086760  0.087724  1420
0.088688  0.089652  1523
0.090616  0.091580  1644
0.092544  0.093508  1674
0.094472  0.095436  1663
0.096400  0.097364  1936
0.098328  0.099292  1911
0.100256  0.101220  2014
0.102184  0.103148  2200
0.104112  0.105076  2226
0.106040  0.107004  2273
0.107968  0.108932  2422
0.109896  0.110860  2548
0.111824  0.112788  2520
0.113752  0.114716  2696
0.115680  0.116644  2859
0.117608  0.118572  2778
0.119536  0.120500  2870
0.121464  0.122428  3068
0.123392  0.124356  3306
0.125320  0.126284  3159
0.127248  0.128212  3398
0.129176  0.130140  3711
0.131104  0.132068  3559
0.133032  0.133996  3982
0.134960  0.135924  3999
0.136888  0.137852  4219
0.138816  0.139780  4339
0.140744  0.141708  4495
0.142672  0.143636  4389
0.144600  0.145564  4757
0.146528  0.147492  4702
0.148456  0.149420  4762
0.150384  0.151348  5106
0.152312  0.153276  4820
0.154240  0.155204  5078
0.156168  0.157132  5018
0.158096  0.159060  5492
0.160024  0.160988  5109
0.161952  0.162916  5195
0.163880  0.164844  5619
0.165808  0.166772  5320
0.167736  0.168700  5478
0.169664  0.170628  5448
0.171592  0.172556  5841
0.173520  0.174484  5487
0.175448  0.176412  5472
0.177376  0.178340  5780
0.179304  0.180268  5486
0.181232  0.182196  5621
0.183160  0.184124  5626
0.185088  0.186052  5961
0.187016  0.187980  5492
0.188944  0.189908  5568
0.190872  0.191836  5404
0.192800  0.193764  5806
0.194728  0.195692  5261
0.196656  0.197620  5296
0.198584  0.199548  5452
0.200512  0.201476  5186
0.202440  0.203404  5183
0.204368  0.205332  4938
0.206296  0.207260  5262
0.208224  0.209188  4870
0.210152  0.211116  4814
0.212080  0.213044  5114
0.214008  0.214972  4773
0.215936  0.216900  4713
0.217864  0.218828  4715
0.219792  0.220756  4726
0.221720  0.222684  4440
0.223648  0.224612  4200
0.225576  0.226540  4572
0.227504  0.228468  4208
0.229432  0.230396  4137
0.231360  0.232324  4168
0.233288  0.234252  4397
0.235216  0.236180  3976
0.237144  0.238108  3929
0.239072  0.240036  3800
0.241000  0.241964  4038
0.242928  0.243892  3656
0.244856  0.245820  3616
0.246784  0.247748  3786
0.248712  0.249676  3587
0.250640  0.251604  3565
0.252568  0.253532  3422
0.254496  0.255460  3643
0.256424  0.257388  3394
0.258352  0.259316  3211
0.260280  0.261244  3522
0.262208  0.263172  3070
0.264136  0.265100  3068
0.266064  0.267028  3002
0.267992  0.268956  3087
0.269920  0.270884  2958
0.271848  0.272812  2859
0.273776  0.274740  2936
0.275704  0.276668  2769
0.277632  0.278596  2691
0.279560  0.280524  2619
0.281488  0.282452  2694
0.283416  0.284380  2551
0.285344  0.286308  2391
0.287272  0.288236  2508
0.289200  0.290164  2476
0.291128  0.292092  2295
0.293056  0.294020  2306
0.294984  0.295948  2360
0.296912  0.297876  2257
0.298840  0.299804  2094
0.300768  0.301732  2083
0.302696  0.303660  2112
0.304624  0.305588  1929
0.306552  0.307516  1903
0.308480  0.309444  1989
0.310408  0.311372  1660
0.312336  0.313300  1663
0.314264  0.315228  1689
0.316192  0.317156  1684
0.318120  0.319084  1453
0.320048  0.321012  1460
0.321976  0.322940  1485
0.323904  0.324868  1308
0.325832  0.326796  1279
0.327760  0.328724  1256
0.329688  0.330652  1260
0.331616  0.332580  1163
0.333544  0.334508  1094
0.335472  0.336436  1076
0.337400  0.338364  1144
0.339328  0.340292  955
0.341256  0.342220  961
0.343184  0.344148  970
0.345112  0.346076  855
0.347040  0.348004  863
0.348968  0.349932  772
0.350896  0.351860  800
0.352824  0.353788  679
0.354752  0.355716  674
0.356680  0.357644  714
0.358608  0.359572  600
0.360536  0.361500  585
0.362464  0.363428  571
0.364392  0.365356  638
0.366320  0.367284  517
0.368248  0.369212  445
0.370176  0.371140  491
0.372104  0.373068  400
0.374032  0.374996  350
0.375960  0.376924  353
0.377888  0.378852  368
0.379816  0.380780  330
0.381744  0.382708  280
0.383672  0.384636  239
0.385600  0.386564  269
0.387528  0.388492  211
0.389456  0.390420  224
0.391384  0.392348  195
0.393312  0.394276  195
0.395240  0.396204  159
0.397168  0.398132  161
0.399096  0.400060  151
0.401024  0.401988  141
0.402952  0.403916  129
0.404880  0.405844  114
0.406808  0.407772  96
0.408736  0.409700  96
0.410664  0.411628  76
0.412592  0.413556  65
0.414520  0.415484  61
0.416448  0.417412  63
0.418376  0.419340  53
0.420304  0.421268  51
0.422232  0.423196  39
0.424160  0.425124  33
0.426088  0.427052  43
0.428016  0.428980  28
0.429944  0.430908  28
0.431872  0.432836  26
0.433800  0.434764  23
0.435728  0.436692  24
0.437656  0.438620  20
0.439584  0.440548  16
0.441512  0.442476  13
0.443440  0.444404  7
0.445368  0.446332  13
0.447296  0.448260  7
0.449224  0.450188  14
0.451152  0.452116  3
0.453080  0.454044  5
0.455008  0.455972  4
0.456936  0.457900  3
0.458864  0.459828  1
0.460792  0.461756  5
0.462720  0.463684  2
0.464648  0.465612  2
0.466576  0.467540  1
0.468504  0.469468  0
0.470432  0.471396  1
0.472360  0.473324  1
0.474288  0.475252  0
0.476216  0.477180  1
0.478144  0.479108  0
0.480072  0.481036  0
0.482000
