# This file stores the RMSD distribution for all Trajectories
# 	TrajNameList = ['Met_Amber1_stripped', 'Met_Amber2_stripped']
# BinEdges | BinMid | RMSD distribution
0.000000  0.000964  0
0.001928  0.002892  0
0.003856  0.004820  0
0.005784  0.006748  0
0.007712  0.008676  0
0.009640  0.010604  0
0.011568  0.012532  0
0.013496  0.014460  0
0.015424  0.016388  6
0.017352  0.018316  12
0.019280  0.020244  38
0.021208  0.022172  57
0.023136  0.024100  92
0.025064  0.026028  128
0.026992  0.027956  190
0.028920  0.029884  239
0.030848  0.031812  270
0.032776  0.033740  363
0.034704  0.035668  425
0.036632  0.037596  484
0.038560  0.039524  536
0.040488  0.041452  574
0.042416  0.043380  628
0.044344  0.045308  639
0.046272  0.047236  729
0.048200  0.049164  806
0.050128  0.051092  832
0.052056  0.053020  910
0.053984  0.054948  1002
0.055912  0.056876  1019
0.057840  0.058804  1062
0.059768  0.060732  1175
0.061696  0.062660  1297
0.063624  0.064588  1238
0.065552  0.066516  1354
0.067480  0.068444  1486
0.069408  0.070372  1490
0.071336  0.072300  1599
0.073264  0.074228  1592
0.075192  0.076156  1790
0.077120  0.078084  1769
0.079048  0.080012  1796
0.080976  0.081940  2019
0.082904  0.083868  2082
0.084832  0.085796  2256
0.086760  0.087724  2389
0.088688  0.089652  2603
0.090616  0.091580  2710
0.092544  0.093508  2790
0.094472  0.095436  2831
0.096400  0.097364  3349
0.098328  0.099292  3350
0.100256  0.101220  3463
0.102184  0.103148  3981
0.104112  0.105076  3947
0.106040  0.107004  4230
0.107968  0.108932  4470
0.109896  0.110860  4775
0.111824  0.112788  4795
0.113752  0.114716  5087
0.115680  0.116644  5589
0.117608  0.118572  5448
0.119536  0.120500  5807
0.121464  0.122428  6164
0.123392  0.124356  6814
0.125320  0.126284  6628
0.127248  0.128212  6925
0.129176  0.130140  7678
0.131104  0.132068  7394
0.133032  0.133996  8072
0.134960  0.135924  8096
0.136888  0.137852  8877
0.138816  0.139780  8820
0.140744  0.141708  9108
0.142672  0.143636  9276
0.144600  0.145564  9911
0.146528  0.147492  9712
0.148456  0.149420  9839
0.150384  0.151348  10607
0.152312  0.153276  10187
0.154240  0.155204  10569
0.156168  0.157132  10620
0.158096  0.159060  11467
0.160024  0.160988  10707
0.161952  0.162916  10888
0.163880  0.164844  11570
0.165808  0.166772  11049
0.167736  0.168700  11253
0.169664  0.170628  11334
0.171592  0.172556  12024
0.173520  0.174484  11442
0.175448  0.176412  11300
0.177376  0.178340  12070
0.179304  0.180268  11445
0.181232  0.182196  11496
0.183160  0.184124  11529
0.185088  0.186052  12134
0.187016  0.187980  11271
0.188944  0.189908  11334
0.190872  0.191836  11150
0.192800  0.193764  11850
0.194728  0.195692  11104
0.196656  0.197620  10981
0.198584  0.199548  11295
0.200512  0.201476  10690
0.202440  0.203404  10591
0.204368  0.205332  10335
0.206296  0.207260  10865
0.208224  0.209188  10079
0.210152  0.211116  10024
0.212080  0.213044  10716
0.214008  0.214972  9814
0.215936  0.216900  9727
0.217864  0.218828  9713
0.219792  0.220756  9829
0.221720  0.222684  9286
0.223648  0.224612  8911
0.225576  0.226540  9644
0.227504  0.228468  8842
0.229432  0.230396  8735
0.231360  0.232324  8600
0.233288  0.234252  8985
0.235216  0.236180  8186
0.237144  0.238108  8148
0.239072  0.240036  8008
0.241000  0.241964  8152
0.242928  0.243892  7442
0.244856  0.245820  7586
0.246784  0.247748  7700
0.248712  0.249676  7159
0.250640  0.251604  7193
0.252568  0.253532  7001
0.254496  0.255460  7271
0.256424  0.257388  6744
0.258352  0.259316  6602
0.260280  0.261244  6985
0.262208  0.263172  6225
0.264136  0.265100  6201
0.266064  0.267028  6084
0.267992  0.268956  6156
0.269920  0.270884  5762
0.271848  0.272812  5746
0.273776  0.274740  5941
0.275704  0.276668  5413
0.277632  0.278596  5414
0.279560  0.280524  5252
0.281488  0.282452  5404
0.283416  0.284380  4989
0.285344  0.286308  4817
0.287272  0.288236  4846
0.289200  0.290164  4853
0.291128  0.292092  4532
0.293056  0.294020  4444
0.294984  0.295948  4522
0.296912  0.297876  4157
0.298840  0.299804  4061
0.300768  0.301732  4027
0.302696  0.303660  4042
0.304624  0.305588  3760
0.306552  0.307516  3635
0.308480  0.309444  3713
0.310408  0.311372  3293
0.312336  0.313300  3255
0.314264  0.315228  3198
0.316192  0.317156  3235
0.318120  0.319084  2791
0.320048  0.321012  2827
0.321976  0.322940  2846
0.323904  0.324868  2511
0.325832  0.326796  2528
0.327760  0.328724  2365
0.329688  0.330652  2427
0.331616  0.332580  2260
0.333544  0.334508  2163
0.335472  0.336436  2010
0.337400  0.338364  2129
0.339328  0.340292  1885
0.341256  0.342220  1791
0.343184  0.344148  1800
0.345112  0.346076  1621
0.347040  0.348004  1649
0.348968  0.349932  1492
0.350896  0.351860  1552
0.352824  0.353788  1320
0.354752  0.355716  1321
0.356680  0.357644  1377
0.358608  0.359572  1197
0.360536  0.361500  1195
0.362464  0.363428  1096
0.364392  0.365356  1129
0.366320  0.367284  965
0.368248  0.369212  896
0.370176  0.371140  944
0.372104  0.373068  854
0.374032  0.374996  751
0.375960  0.376924  723
0.377888  0.378852  772
0.379816  0.380780  679
0.381744  0.382708  580
0.383672  0.384636  564
0.385600  0.386564  544
0.387528  0.388492  454
0.389456  0.390420  455
0.391384  0.392348  419
0.393312  0.394276  373
0.395240  0.396204  357
0.397168  0.398132  319
0.399096  0.400060  350
0.401024  0.401988  282
0.402952  0.403916  260
0.404880  0.405844  237
0.406808  0.407772  192
0.408736  0.409700  213
0.410664  0.411628  171
0.412592  0.413556  165
0.414520  0.415484  142
0.416448  0.417412  127
0.418376  0.419340  104
0.420304  0.421268  85
0.422232  0.423196  82
0.424160  0.425124  59
0.426088  0.427052  72
0.428016  0.428980  54
0.429944  0.430908  52
0.431872  0.432836  43
0.433800  0.434764  45
0.435728  0.436692  41
0.437656  0.438620  25
0.439584  0.440548  32
0.441512  0.442476  24
0.443440  0.444404  11
0.445368  0.446332  19
0.447296  0.448260  9
0.449224  0.450188  15
0.451152  0.452116  3
0.453080  0.454044  5
0.455008  0.455972  5
0.456936  0.457900  3
0.458864  0.459828  1
0.460792  0.461756  5
0.462720  0.463684  2
0.464648  0.465612  2
0.466576  0.467540  1
0.468504  0.469468  0
0.470432  0.471396  1
0.472360  0.473324  1
0.474288  0.475252  0
0.476216  0.477180  1
0.478144  0.479108  0
0.480072  0.481036  0
0.482000
