# This file stores the RMSD distribution for all Trajectories
# 	TrajNameList = ['Met_Amber1_stripped', 'Met_Amber2_stripped']
# BinEdges | BinMid | RMSD distribution
0.000000  0.000964  0
0.001928  0.002892  0
0.003856  0.004820  0
0.005784  0.006748  0
0.007712  0.008676  0
0.009640  0.010604  0
0.011568  0.012532  0
0.013496  0.014460  0
0.015424  0.016388  8
0.017352  0.018316  18
0.019280  0.020244  49
0.021208  0.022172  70
0.023136  0.024100  114
0.025064  0.026028  154
0.026992  0.027956  244
0.028920  0.029884  317
0.030848  0.031812  357
0.032776  0.033740  448
0.034704  0.035668  527
0.036632  0.037596  618
0.038560  0.039524  685
0.040488  0.041452  745
0.042416  0.043380  819
0.044344  0.045308  848
0.046272  0.047236  964
0.048200  0.049164  1083
0.050128  0.051092  1088
0.052056  0.053020  1237
0.053984  0.054948  1323
0.055912  0.056876  1410
0.057840  0.058804  1495
0.059768  0.060732  1650
0.061696  0.062660  1803
0.063624  0.064588  1736
0.065552  0.066516  1937
0.067480  0.068444  2141
0.069408  0.070372  2215
0.071336  0.072300  2316
0.073264  0.074228  2426
0.075192  0.076156  2712
0.077120  0.078084  2643
0.079048  0.080012  2774
0.080976  0.081940  3082
0.082904  0.083868  3215
0.084832  0.085796  3471
0.086760  0.087724  3733
0.088688  0.089652  4170
0.090616  0.091580  4280
0.092544  0.093508  4571
0.094472  0.095436  4776
0.096400  0.097364  5474
0.098328  0.099292  5597
0.100256  0.101220  5870
0.102184  0.103148  6651
0.104112  0.105076  6822
0.106040  0.107004  7147
0.107968  0.108932  7570
0.109896  0.110860  8233
0.111824  0.112788  8383
0.113752  0.114716  9015
0.115680  0.116644  9839
0.117608  0.118572  9726
0.119536  0.120500  10268
0.121464  0.122428  10969
0.123392  0.124356  12038
0.125320  0.126284  11955
0.127248  0.128212  12546
0.129176  0.130140  13819
0.131104  0.132068  13397
0.133032  0.133996  14518
0.134960  0.135924  14873
0.136888  0.137852  16354
0.138816  0.139780  16092
0.140744  0.141708  16836
0.142672  0.143636  17255
0.144600  0.145564  18499
0.146528  0.147492  18339
0.148456  0.149420  18599
0.150384  0.151348  20368
0.152312  0.153276  19584
0.154240  0.155204  19897
0.156168  0.157132  20413
0.158096  0.159060  22041
0.160024  0.160988  20963
0.161952  0.162916  21344
0.163880  0.164844  22817
0.165808  0.166772  21906
0.167736  0.168700  22487
0.169664  0.170628  22456
0.171592  0.172556  24156
0.173520  0.174484  22954
0.175448  0.176412  22818
0.177376  0.178340  24673
0.179304  0.180268  23079
0.181232  0.182196  23238
0.183160  0.184124  23294
0.185088  0.186052  24604
0.187016  0.187980  22858
0.188944  0.189908  22854
0.190872  0.191836  22869
0.192800  0.193764  23850
0.194728  0.195692  22853
0.196656  0.197620  22532
0.198584  0.199548  23412
0.200512  0.201476  21745
0.202440  0.203404  21796
0.204368  0.205332  21304
0.206296  0.207260  22431
0.208224  0.209188  21056
0.210152  0.211116  20724
0.212080  0.213044  21950
0.214008  0.214972  20179
0.215936  0.216900  19947
0.217864  0.218828  19748
0.219792  0.220756  20299
0.221720  0.222684  19144
0.223648  0.224612  18712
0.225576  0.226540  19528
0.227504  0.228468  18338
0.229432  0.230396  18104
0.231360  0.232324  17695
0.233288  0.234252  18266
0.235216  0.236180  17045
0.237144  0.238108  16907
0.239072  0.240036  16481
0.241000  0.241964  17011
0.242928  0.243892  15706
0.244856  0.245820  15749
0.246784  0.247748  16028
0.248712  0.249676  14748
0.250640  0.251604  14612
0.252568  0.253532  14538
0.254496  0.255460  14846
0.256424  0.257388  13756
0.258352  0.259316  13672
0.260280  0.261244  14272
0.262208  0.263172  13021
0.264136  0.265100  12922
0.266064  0.267028  12572
0.267992  0.268956  12874
0.269920  0.270884  12185
0.271848  0.272812  11836
0.273776  0.274740  12350
0.275704  0.276668  11442
0.277632  0.278596  11140
0.279560  0.280524  11030
0.281488  0.282452  11380
0.283416  0.284380  10645
0.285344  0.286308  10366
0.287272  0.288236  10238
0.289200  0.290164  10428
0.291128  0.292092  9436
0.293056  0.294020  9585
0.294984  0.295948  9860
0.296912  0.297876  9015
0.298840  0.299804  8844
0.300768  0.301732  8598
0.302696  0.303660  8823
0.304624  0.305588  8269
0.306552  0.307516  8048
0.308480  0.309444  8211
0.310408  0.311372  7646
0.312336  0.313300  7355
0.314264  0.315228  7155
0.316192  0.317156  7196
0.318120  0.319084  6612
0.320048  0.321012  6438
0.321976  0.322940  6604
0.323904  0.324868  5979
0.325832  0.326796  5837
0.327760  0.328724  5644
0.329688  0.330652  5699
0.331616  0.332580  5296
0.333544  0.334508  5083
0.335472  0.336436  4884
0.337400  0.338364  5013
0.339328  0.340292  4599
0.341256  0.342220  4373
0.343184  0.344148  4327
0.345112  0.346076  4002
0.347040  0.348004  4020
0.348968  0.349932  3666
0.350896  0.351860  3849
0.352824  0.353788  3335
0.354752  0.355716  3351
0.356680  0.357644  3346
0.358608  0.359572  3037
0.360536  0.361500  2938
0.362464  0.363428  2664
0.364392  0.365356  2863
0.366320  0.367284  2548
0.368248  0.369212  2343
0.370176  0.371140  2421
0.372104  0.373068  2157
0.374032  0.374996  1958
0.375960  0.376924  1954
0.377888  0.378852  1973
0.379816  0.380780  1723
0.381744  0.382708  1558
0.383672  0.384636  1479
0.385600  0.386564  1414
0.387528  0.388492  1248
0.389456  0.390420  1209
0.391384  0.392348  1121
0.393312  0.394276  1026
0.395240  0.396204  970
0.397168  0.398132  865
0.399096  0.400060  915
0.401024  0.401988  715
0.402952  0.403916  699
0.404880  0.405844  646
0.406808  0.407772  541
0.408736  0.409700  510
0.410664  0.411628  449
0.412592  0.413556  417
0.414520  0.415484  345
0.416448  0.417412  315
0.418376  0.419340  259
0.420304  0.421268  243
0.422232  0.423196  213
0.424160  0.425124  150
0.426088  0.427052  166
0.428016  0.428980  126
0.429944  0.430908  137
0.431872  0.432836  101
0.433800  0.434764  106
0.435728  0.436692  89
0.437656  0.438620  66
0.439584  0.440548  60
0.441512  0.442476  43
0.443440  0.444404  32
0.445368  0.446332  31
0.447296  0.448260  30
0.449224  0.450188  23
0.451152  0.452116  12
0.453080  0.454044  13
0.455008  0.455972  8
0.456936  0.457900  10
0.458864  0.459828  6
0.460792  0.461756  5
0.462720  0.463684  2
0.464648  0.465612  3
0.466576  0.467540  2
0.468504  0.469468  0
0.470432  0.471396  1
0.472360  0.473324  1
0.474288  0.475252  0
0.476216  0.477180  1
0.478144  0.479108  0
0.480072  0.481036  0
0.482000
