# This file stores the RMSD distribution for all Trajectories
# 	TrajNameList = ['Met_Amber1_stripped', 'Met_Amber2_stripped']
# BinEdges | BinMid | RMSD distribution
0.000000  0.000964  0
0.001928  0.002892  0
0.003856  0.004820  0
0.005784  0.006748  0
0.007712  0.008676  0
0.009640  0.010604  0
0.011568  0.012532  0
0.013496  0.014460  0
0.015424  0.016388  2
0.017352  0.018316  6
0.019280  0.020244  11
0.021208  0.022172  13
0.023136  0.024100  22
0.025064  0.026028  26
0.026992  0.027956  54
0.028920  0.029884  78
0.030848  0.031812  87
0.032776  0.033740  85
0.034704  0.035668  102
0.036632  0.037596  134
0.038560  0.039524  149
0.040488  0.041452  171
0.042416  0.043380  191
0.044344  0.045308  209
0.046272  0.047236  235
0.048200  0.049164  277
0.050128  0.051092  256
0.052056  0.053020  327
0.053984  0.054948  321
0.055912  0.056876  391
0.057840  0.058804  433
0.059768  0.060732  475
0.061696  0.062660  506
0.063624  0.064588  498
0.065552  0.066516  583
0.067480  0.068444  655
0.069408  0.070372  725
0.071336  0.072300  717
0.073264  0.074228  834
0.075192  0.076156  922
0.077120  0.078084  874
0.079048  0.080012  978
0.080976  0.081940  1063
0.082904  0.083868  1133
0.084832  0.085796  1215
0.086760  0.087724  1344
0.088688  0.089652  1567
0.090616  0.091580  1570
0.092544  0.093508  1781
0.094472  0.095436  1945
0.096400  0.097364  2125
0.098328  0.099292  2247
0.100256  0.101220  2407
0.102184  0.103148  2670
0.104112  0.105076  2875
0.106040  0.107004  2917
0.107968  0.108932  3100
0.109896  0.110860  3458
0.111824  0.112788  3588
0.113752  0.114716  3928
0.115680  0.116644  4250
0.117608  0.118572  4278
0.119536  0.120500  4461
0.121464  0.122428  4805
0.123392  0.124356  5224
0.125320  0.126284  5327
0.127248  0.128212  5621
0.129176  0.130140  6141
0.131104  0.132068  6003
0.133032  0.133996  6446
0.134960  0.135924  6777
0.136888  0.137852  7477
0.138816  0.139780  7272
0.140744  0.141708  7728
0.142672  0.143636  7979
0.144600  0.145564  8588
0.146528  0.147492  8627
0.148456  0.149420  8760
0.150384  0.151348  9761
0.152312  0.153276  9397
0.154240  0.155204  9328
0.156168  0.157132  9793
0.158096  0.159060  10574
0.160024  0.160988  10256
0.161952  0.162916  10456
0.163880  0.164844  11247
0.165808  0.166772  10857
0.167736  0.168700  11234
0.169664  0.170628  11122
0.171592  0.172556  12132
0.173520  0.174484  11512
0.175448  0.176412  11518
0.177376  0.178340  12603
0.179304  0.180268  11634
0.181232  0.182196  11742
0.183160  0.184124  11765
0.185088  0.186052  12470
0.187016  0.187980  11587
0.188944  0.189908  11520
0.190872  0.191836  11719
0.192800  0.193764  12000
0.194728  0.195692  11749
0.196656  0.197620  11551
0.198584  0.199548  12117
0.200512  0.201476  11055
0.202440  0.203404  11205
0.204368  0.205332  10969
0.206296  0.207260  11566
0.208224  0.209188  10977
0.210152  0.211116  10700
0.212080  0.213044  11234
0.214008  0.214972  10365
0.215936  0.216900  10220
0.217864  0.218828  10035
0.219792  0.220756  10470
0.221720  0.222684  9858
0.223648  0.224612  9801
0.225576  0.226540  9884
0.227504  0.228468  9496
0.229432  0.230396  9369
0.231360  0.232324  9095
0.233288  0.234252  9281
0.235216  0.236180  8859
0.237144  0.238108  8759
0.239072  0.240036  8473
0.241000  0.241964  8859
0.242928  0.243892  8264
0.244856  0.245820  8163
0.246784  0.247748  8328
0.248712  0.249676  7589
0.250640  0.251604  7419
0.252568  0.253532  7537
0.254496  0.255460  7575
0.256424  0.257388  7012
0.258352  0.259316  7070
0.260280  0.261244  7287
0.262208  0.263172  6796
0.264136  0.265100  6721
0.266064  0.267028  6488
0.267992  0.268956  6718
0.269920  0.270884  6423
0.271848  0.272812  6090
0.273776  0.274740  6409
0.275704  0.276668  6029
0.277632  0.278596  5726
0.279560  0.280524  5778
0.281488  0.282452  5976
0.283416  0.284380  5656
0.285344  0.286308  5549
0.287272  0.288236  5392
0.289200  0.290164  5575
0.291128  0.292092  4904
0.293056  0.294020  5141
0.294984  0.295948  5338
0.296912  0.297876  4858
0.298840  0.299804  4783
0.300768  0.301732  4571
0.302696  0.303660  4781
0.304624  0.305588  4509
0.306552  0.307516  4413
0.308480  0.309444  4498
0.310408  0.311372  4353
0.312336  0.313300  4100
0.314264  0.315228  3957
0.316192  0.317156  3961
0.318120  0.319084  3821
0.320048  0.321012  3611
0.321976  0.322940  3758
0.323904  0.324868  3468
0.325832  0.326796  3309
0.327760  0.328724  3279
0.329688  0.330652  3272
0.331616  0.332580  3036
0.333544  0.334508  2920
0.335472  0.336436  2874
0.337400  0.338364  2884
0.339328  0.340292  2714
0.341256  0.342220  2582
0.343184  0.344148  2527
0.345112  0.346076  2381
0.347040  0.348004  2371
0.348968  0.349932  2174
0.350896  0.351860  2297
0.352824  0.353788  2015
0.354752  0.355716  2030
0.356680  0.357644  1969
0.358608  0.359572  1840
0.360536  0.361500  1743
0.362464  0.363428  1568
0.364392  0.365356  1734
0.366320  0.367284  1583
0.368248  0.369212  1447
0.370176  0.371140  1477
0.372104  0.373068  1303
0.374032  0.374996  1207
0.375960  0.376924  1231
0.377888  0.378852  1201
0.379816  0.380780  1044
0.381744  0.382708  978
0.383672  0.384636  915
0.385600  0.386564  870
0.387528  0.388492  794
0.389456  0.390420  754
0.391384  0.392348  702
0.393312  0.394276  653
0.395240  0.396204  613
0.397168  0.398132  546
0.399096  0.400060  565
0.401024  0.401988  433
0.402952  0.403916  439
0.404880  0.405844  409
0.406808  0.407772  349
0.408736  0.409700  297
0.410664  0.411628  278
0.412592  0.413556  252
0.414520  0.415484  203
0.416448  0.417412  188
0.418376  0.419340  155
0.420304  0.421268  158
0.422232  0.423196  131
0.424160  0.425124  91
0.426088  0.427052  94
0.428016  0.428980  72
0.429944  0.430908  85
0.431872  0.432836  58
0.433800  0.434764  61
0.435728  0.436692  48
0.437656  0.438620  41
0.439584  0.440548  28
0.441512  0.442476  19
0.443440  0.444404  21
0.445368  0.446332  12
0.447296  0.448260  21
0.449224  0.450188  8
0.451152  0.452116  9
0.453080  0.454044  8
0.455008  0.455972  3
0.456936  0.457900  7
0.458864  0.459828  5
0.460792  0.461756  0
0.462720  0.463684  0
0.464648  0.465612  1
0.466576  0.467540  1
0.468504  0.469468  0
0.470432  0.471396  0
0.472360  0.473324  0
0.474288  0.475252  0
0.476216  0.477180  0
0.478144  0.479108  0
0.480072  0.481036  0
0.482000
