# This file stores the RMSD distribution for
# 	Trajectory = V3_Gromacs1_stripped
# BinEdges | BinMid | RMSD distribution
0.000000  0.002222  0
0.004444  0.006666  0
0.008888  0.011110  0
0.013332  0.015554  0
0.017776  0.019998  0
0.022220  0.024442  0
0.026664  0.028886  0
0.031108  0.033330  0
0.035552  0.037774  0
0.039996  0.042218  0
0.044440  0.046662  1
0.048884  0.051106  0
0.053328  0.055550  1
0.057772  0.059994  5
0.062216  0.064438  17
0.066660  0.068882  47
0.071104  0.073326  93
0.075548  0.077770  140
0.079992  0.082214  205
0.084436  0.086658  305
0.088880  0.091102  410
0.093324  0.095546  560
0.097768  0.099990  779
0.102212  0.104434  976
0.106656  0.108878  1192
0.111100  0.113322  1534
0.115544  0.117766  1684
0.119988  0.122210  2050
0.124432  0.126654  2285
0.128876  0.131098  2624
0.133320  0.135542  2905
0.137764  0.139986  3271
0.142208  0.144430  3395
0.146652  0.148874  3625
0.151096  0.153318  3998
0.155540  0.157762  4203
0.159984  0.162206  4510
0.164428  0.166650  4559
0.168872  0.171094  4947
0.173316  0.175538  4912
0.177760  0.179982  4908
0.182204  0.184426  5199
0.186648  0.188870  5357
0.191092  0.193314  5380
0.195536  0.197758  5580
0.199980  0.202202  5475
0.204424  0.206646  5499
0.208868  0.211090  5599
0.213312  0.215534  5556
0.217756  0.219978  5605
0.222200  0.224422  5641
0.226644  0.228866  5526
0.231088  0.233310  5324
0.235532  0.237754  5424
0.239976  0.242198  5337
0.244420  0.246642  5365
0.248864  0.251086  5169
0.253308  0.255530  5209
0.257752  0.259974  5082
0.262196  0.264418  4933
0.266640  0.268862  4821
0.271084  0.273306  4671
0.275528  0.277750  4617
0.279972  0.282194  4556
0.284416  0.286638  4296
0.288860  0.291082  4229
0.293304  0.295526  4141
0.297748  0.299970  4188
0.302192  0.304414  3971
0.306636  0.308858  3773
0.311080  0.313302  3863
0.315524  0.317746  3615
0.319968  0.322190  3525
0.324412  0.326634  3338
0.328856  0.331078  3337
0.333300  0.335522  3221
0.337744  0.339966  3101
0.342188  0.344410  3067
0.346632  0.348854  3016
0.351076  0.353298  2887
0.355520  0.357742  2782
0.359964  0.362186  2763
0.364408  0.366630  2792
0.368852  0.371074  2804
0.373296  0.375518  2779
0.377740  0.379962  2777
0.382184  0.384406  2760
0.386628  0.388850  2788
0.391072  0.393294  2875
0.395516  0.397738  2909
0.399960  0.402182  2874
0.404404  0.406626  3263
0.408848  0.411070  3301
0.413292  0.415514  3341
0.417736  0.419958  3641
0.422180  0.424402  3750
0.426624  0.428846  3993
0.431068  0.433290  4149
0.435512  0.437734  4427
0.439956  0.442178  4653
0.444400  0.446622  4860
0.448844  0.451066  4974
0.453288  0.455510  4966
0.457732  0.459954  5198
0.462176  0.464398  5280
0.466620  0.468842  5638
0.471064  0.473286  5598
0.475508  0.477730  5578
0.479952  0.482174  5636
0.484396  0.486618  5726
0.488840  0.491062  5729
0.493284  0.495506  5655
0.497728  0.499950  5603
0.502172  0.504394  5736
0.506616  0.508838  5740
0.511060  0.513282  5608
0.515504  0.517726  5441
0.519948  0.522170  5337
0.524392  0.526614  5309
0.528836  0.531058  5188
0.533280  0.535502  5036
0.537724  0.539946  4955
0.542168  0.544390  4721
0.546612  0.548834  4505
0.551056  0.553278  4281
0.555500  0.557722  4133
0.559944  0.562166  3941
0.564388  0.566610  3697
0.568832  0.571054  3610
0.573276  0.575498  3439
0.577720  0.579942  3180
0.582164  0.584386  2933
0.586608  0.588830  2704
0.591052  0.593274  2586
0.595496  0.597718  2391
0.599940  0.602162  2217
0.604384  0.606606  2011
0.608828  0.611050  1904
0.613272  0.615494  1747
0.617716  0.619938  1583
0.622160  0.624382  1371
0.626604  0.628826  1364
0.631048  0.633270  1240
0.635492  0.637714  1139
0.639936  0.642158  1057
0.644380  0.646602  978
0.648824  0.651046  894
0.653268  0.655490  858
0.657712  0.659934  778
0.662156  0.664378  777
0.666600  0.668822  653
0.671044  0.673266  642
0.675488  0.677710  601
0.679932  0.682154  576
0.684376  0.686598  540
0.688820  0.691042  521
0.693264  0.695486  461
0.697708  0.699930  460
0.702152  0.704374  448
0.706596  0.708818  401
0.711040  0.713262  379
0.715484  0.717706  412
0.719928  0.722150  400
0.724372  0.726594  362
0.728816  0.731038  321
0.733260  0.735482  316
0.737704  0.739926  283
0.742148  0.744370  302
0.746592  0.748814  237
0.751036  0.753258  252
0.755480  0.757702  224
0.759924  0.762146  237
0.764368  0.766590  197
0.768812  0.771034  193
0.773256  0.775478  170
0.777700  0.779922  175
0.782144  0.784366  168
0.786588  0.788810  168
0.791032  0.793254  120
0.795476  0.797698  136
0.799920  0.802142  141
0.804364  0.806586  107
0.808808  0.811030  96
0.813252  0.815474  106
0.817696  0.819918  95
0.822140  0.824362  77
0.826584  0.828806  68
0.831028  0.833250  55
0.835472  0.837694  53
0.839916  0.842138  56
0.844360  0.846582  50
0.848804  0.851026  39
0.853248  0.855470  48
0.857692  0.859914  36
0.862136  0.864358  33
0.866580  0.868802  38
0.871024  0.873246  21
0.875468  0.877690  28
0.879912  0.882134  19
0.884356  0.886578  14
0.888800  0.891022  12
0.893244  0.895466  10
0.897688  0.899910  13
0.902132  0.904354  7
0.906576  0.908798  8
0.911020  0.913242  4
0.915464  0.917686  7
0.919908  0.922130  4
0.924352  0.926574  4
0.928796  0.931018  5
0.933240  0.935462  3
0.937684  0.939906  1
0.942128  0.944350  0
0.946572  0.948794  0
0.951016  0.953238  1
0.955460  0.957682  0
0.959904  0.962126  1
0.964348  0.966570  0
0.968792  0.971014  0
0.973236  0.975458  0
0.977680  0.979902  0
0.982124  0.984346  0
0.986568  0.988790  0
0.991012  0.993234  0
0.995456  0.997678  0
0.999900  1.002122  0
1.004344  1.006566  0
1.008788  1.011010  0
1.013232  1.015454  0
1.017676  1.019898  0
1.022120  1.024342  0
1.026564  1.028786  0
1.031008  1.033230  0
1.035452  1.037674  0
1.039896  1.042118  0
1.044340  1.046562  0
1.048784  1.051006  0
1.053228  1.055450  0
1.057672  1.059894  0
1.062116  1.064338  0
1.066560  1.068782  0
1.071004  1.073226  0
1.075448  1.077670  0
1.079892  1.082114  0
1.084336  1.086558  0
1.088780  1.091002  0
1.093224  1.095446  0
1.097668  1.099890  0
1.102112  1.104334  0
1.106556  1.108778  0
1.111000
