# This file stores the RMSD distribution for all Trajectories
# 	TrajNameList = ['V3_Gromacs1_stripped', 'V3_Gromacs2_stripped']
# BinEdges | BinMid | RMSD distribution
0.000000  0.002222  0
0.004444  0.006666  0
0.008888  0.011110  0
0.013332  0.015554  0
0.017776  0.019998  0
0.022220  0.024442  0
0.026664  0.028886  0
0.031108  0.033330  0
0.035552  0.037774  0
0.039996  0.042218  0
0.044440  0.046662  3
0.048884  0.051106  0
0.053328  0.055550  6
0.057772  0.059994  17
0.062216  0.064438  45
0.066660  0.068882  87
0.071104  0.073326  174
0.075548  0.077770  256
0.079992  0.082214  368
0.084436  0.086658  545
0.088880  0.091102  716
0.093324  0.095546  933
0.097768  0.099990  1235
0.102212  0.104434  1585
0.106656  0.108878  1888
0.111100  0.113322  2282
0.115544  0.117766  2572
0.119988  0.122210  3084
0.124432  0.126654  3410
0.128876  0.131098  3876
0.133320  0.135542  4273
0.137764  0.139986  4720
0.142208  0.144430  5151
0.146652  0.148874  5317
0.151096  0.153318  5891
0.155540  0.157762  6180
0.159984  0.162206  6646
0.164428  0.166650  6901
0.168872  0.171094  7317
0.173316  0.175538  7514
0.177760  0.179982  7699
0.182204  0.184426  8036
0.186648  0.188870  8445
0.191092  0.193314  8552
0.195536  0.197758  8960
0.199980  0.202202  9065
0.204424  0.206646  9310
0.208868  0.211090  9403
0.213312  0.215534  9621
0.217756  0.219978  9841
0.222200  0.224422  10061
0.226644  0.228866  10083
0.231088  0.233310  10181
0.235532  0.237754  10381
0.239976  0.242198  10491
0.244420  0.246642  10636
0.248864  0.251086  10538
0.253308  0.255530  10786
0.257752  0.259974  10861
0.262196  0.264418  10926
0.266640  0.268862  10970
0.271084  0.273306  10784
0.275528  0.277750  11058
0.279972  0.282194  11165
0.284416  0.286638  11060
0.288860  0.291082  11260
0.293304  0.295526  11135
0.297748  0.299970  11613
0.302192  0.304414  11600
0.306636  0.308858  11511
0.311080  0.313302  11856
0.315524  0.317746  11618
0.319968  0.322190  11807
0.324412  0.326634  11735
0.328856  0.331078  11825
0.333300  0.335522  11776
0.337744  0.339966  11620
0.342188  0.344410  12048
0.346632  0.348854  11784
0.351076  0.353298  11504
0.355520  0.357742  11368
0.359964  0.362186  11465
0.364408  0.366630  11175
0.368852  0.371074  11083
0.373296  0.375518  10922
0.377740  0.379962  10712
0.382184  0.384406  10611
0.386628  0.388850  10269
0.391072  0.393294  10401
0.395516  0.397738  9963
0.399960  0.402182  9788
0.404404  0.406626  9995
0.408848  0.411070  9695
0.413292  0.415514  9697
0.417736  0.419958  9673
0.422180  0.424402  9647
0.426624  0.428846  9682
0.431068  0.433290  9787
0.435512  0.437734  9765
0.439956  0.442178  9771
0.444400  0.446622  9818
0.448844  0.451066  9702
0.453288  0.455510  9410
0.457732  0.459954  9499
0.462176  0.464398  9595
0.466620  0.468842  9556
0.471064  0.473286  9475
0.475508  0.477730  9183
0.479952  0.482174  9093
0.484396  0.486618  8871
0.488840  0.491062  8845
0.493284  0.495506  8632
0.497728  0.499950  8449
0.502172  0.504394  8447
0.506616  0.508838  8257
0.511060  0.513282  8053
0.515504  0.517726  7706
0.519948  0.522170  7369
0.524392  0.526614  7349
0.528836  0.531058  7009
0.533280  0.535502  6829
0.537724  0.539946  6649
0.542168  0.544390  6251
0.546612  0.548834  5960
0.551056  0.553278  5672
0.555500  0.557722  5442
0.559944  0.562166  5103
0.564388  0.566610  4889
0.568832  0.571054  4644
0.573276  0.575498  4415
0.577720  0.579942  4149
0.582164  0.584386  3810
0.586608  0.588830  3535
0.591052  0.593274  3346
0.595496  0.597718  3069
0.599940  0.602162  2882
0.604384  0.606606  2618
0.608828  0.611050  2497
0.613272  0.615494  2254
0.617716  0.619938  2087
0.622160  0.624382  1817
0.626604  0.628826  1795
0.631048  0.633270  1593
0.635492  0.637714  1550
0.639936  0.642158  1440
0.644380  0.646602  1300
0.648824  0.651046  1211
0.653268  0.655490  1169
0.657712  0.659934  1059
0.662156  0.664378  1055
0.666600  0.668822  902
0.671044  0.673266  856
0.675488  0.677710  824
0.679932  0.682154  768
0.684376  0.686598  747
0.688820  0.691042  705
0.693264  0.695486  618
0.697708  0.699930  636
0.702152  0.704374  600
0.706596  0.708818  527
0.711040  0.713262  491
0.715484  0.717706  501
0.719928  0.722150  502
0.724372  0.726594  448
0.728816  0.731038  393
0.733260  0.735482  393
0.737704  0.739926  345
0.742148  0.744370  365
0.746592  0.748814  294
0.751036  0.753258  292
0.755480  0.757702  264
0.759924  0.762146  276
0.764368  0.766590  217
0.768812  0.771034  223
0.773256  0.775478  196
0.777700  0.779922  194
0.782144  0.784366  180
0.786588  0.788810  187
0.791032  0.793254  136
0.795476  0.797698  150
0.799920  0.802142  148
0.804364  0.806586  112
0.808808  0.811030  101
0.813252  0.815474  110
0.817696  0.819918  101
0.822140  0.824362  81
0.826584  0.828806  71
0.831028  0.833250  55
0.835472  0.837694  54
0.839916  0.842138  56
0.844360  0.846582  50
0.848804  0.851026  40
0.853248  0.855470  48
0.857692  0.859914  36
0.862136  0.864358  33
0.866580  0.868802  38
0.871024  0.873246  21
0.875468  0.877690  28
0.879912  0.882134  19
0.884356  0.886578  14
0.888800  0.891022  12
0.893244  0.895466  10
0.897688  0.899910  13
0.902132  0.904354  7
0.906576  0.908798  8
0.911020  0.913242  4
0.915464  0.917686  7
0.919908  0.922130  4
0.924352  0.926574  4
0.928796  0.931018  5
0.933240  0.935462  3
0.937684  0.939906  1
0.942128  0.944350  0
0.946572  0.948794  0
0.951016  0.953238  1
0.955460  0.957682  0
0.959904  0.962126  1
0.964348  0.966570  0
0.968792  0.971014  0
0.973236  0.975458  0
0.977680  0.979902  0
0.982124  0.984346  0
0.986568  0.988790  0
0.991012  0.993234  0
0.995456  0.997678  0
0.999900  1.002122  0
1.004344  1.006566  0
1.008788  1.011010  0
1.013232  1.015454  0
1.017676  1.019898  0
1.022120  1.024342  0
1.026564  1.028786  0
1.031008  1.033230  0
1.035452  1.037674  0
1.039896  1.042118  0
1.044340  1.046562  0
1.048784  1.051006  0
1.053228  1.055450  0
1.057672  1.059894  0
1.062116  1.064338  0
1.066560  1.068782  0
1.071004  1.073226  0
1.075448  1.077670  0
1.079892  1.082114  0
1.084336  1.086558  0
1.088780  1.091002  0
1.093224  1.095446  0
1.097668  1.099890  0
1.102112  1.104334  0
1.106556  1.108778  0
1.111000
