# This file stores the RMSD distribution for
# 	Trajectory = V3_Gromacs2_stripped
# BinEdges | BinMid | RMSD distribution
0.000000  0.002222  0
0.004444  0.006666  0
0.008888  0.011110  0
0.013332  0.015554  0
0.017776  0.019998  0
0.022220  0.024442  0
0.026664  0.028886  0
0.031108  0.033330  0
0.035552  0.037774  0
0.039996  0.042218  0
0.044440  0.046662  2
0.048884  0.051106  0
0.053328  0.055550  5
0.057772  0.059994  12
0.062216  0.064438  28
0.066660  0.068882  40
0.071104  0.073326  81
0.075548  0.077770  116
0.079992  0.082214  163
0.084436  0.086658  240
0.088880  0.091102  306
0.093324  0.095546  373
0.097768  0.099990  456
0.102212  0.104434  609
0.106656  0.108878  696
0.111100  0.113322  748
0.115544  0.117766  888
0.119988  0.122210  1034
0.124432  0.126654  1125
0.128876  0.131098  1252
0.133320  0.135542  1368
0.137764  0.139986  1449
0.142208  0.144430  1756
0.146652  0.148874  1692
0.151096  0.153318  1893
0.155540  0.157762  1977
0.159984  0.162206  2136
0.164428  0.166650  2342
0.168872  0.171094  2370
0.173316  0.175538  2602
0.177760  0.179982  2791
0.182204  0.184426  2837
0.186648  0.188870  3088
0.191092  0.193314  3172
0.195536  0.197758  3380
0.199980  0.202202  3590
0.204424  0.206646  3811
0.208868  0.211090  3804
0.213312  0.215534  4065
0.217756  0.219978  4236
0.222200  0.224422  4420
0.226644  0.228866  4557
0.231088  0.233310  4857
0.235532  0.237754  4957
0.239976  0.242198  5154
0.244420  0.246642  5271
0.248864  0.251086  5369
0.253308  0.255530  5577
0.257752  0.259974  5779
0.262196  0.264418  5993
0.266640  0.268862  6149
0.271084  0.273306  6113
0.275528  0.277750  6441
0.279972  0.282194  6609
0.284416  0.286638  6764
0.288860  0.291082  7031
0.293304  0.295526  6994
0.297748  0.299970  7425
0.302192  0.304414  7629
0.306636  0.308858  7738
0.311080  0.313302  7993
0.315524  0.317746  8003
0.319968  0.322190  8282
0.324412  0.326634  8397
0.328856  0.331078  8488
0.333300  0.335522  8555
0.337744  0.339966  8519
0.342188  0.344410  8981
0.346632  0.348854  8768
0.351076  0.353298  8617
0.355520  0.357742  8586
0.359964  0.362186  8702
0.364408  0.366630  8383
0.368852  0.371074  8279
0.373296  0.375518  8143
0.377740  0.379962  7935
0.382184  0.384406  7851
0.386628  0.388850  7481
0.391072  0.393294  7526
0.395516  0.397738  7054
0.399960  0.402182  6914
0.404404  0.406626  6732
0.408848  0.411070  6394
0.413292  0.415514  6356
0.417736  0.419958  6032
0.422180  0.424402  5897
0.426624  0.428846  5689
0.431068  0.433290  5638
0.435512  0.437734  5338
0.439956  0.442178  5118
0.444400  0.446622  4958
0.448844  0.451066  4728
0.453288  0.455510  4444
0.457732  0.459954  4301
0.462176  0.464398  4315
0.466620  0.468842  3918
0.471064  0.473286  3877
0.475508  0.477730  3605
0.479952  0.482174  3457
0.484396  0.486618  3145
0.488840  0.491062  3116
0.493284  0.495506  2977
0.497728  0.499950  2846
0.502172  0.504394  2711
0.506616  0.508838  2517
0.511060  0.513282  2445
0.515504  0.517726  2265
0.519948  0.522170  2032
0.524392  0.526614  2040
0.528836  0.531058  1821
0.533280  0.535502  1793
0.537724  0.539946  1694
0.542168  0.544390  1530
0.546612  0.548834  1455
0.551056  0.553278  1391
0.555500  0.557722  1309
0.559944  0.562166  1162
0.564388  0.566610  1192
0.568832  0.571054  1034
0.573276  0.575498  976
0.577720  0.579942  969
0.582164  0.584386  877
0.586608  0.588830  831
0.591052  0.593274  760
0.595496  0.597718  678
0.599940  0.602162  665
0.604384  0.606606  607
0.608828  0.611050  593
0.613272  0.615494  507
0.617716  0.619938  504
0.622160  0.624382  446
0.626604  0.628826  431
0.631048  0.633270  353
0.635492  0.637714  411
0.639936  0.642158  383
0.644380  0.646602  322
0.648824  0.651046  317
0.653268  0.655490  311
0.657712  0.659934  281
0.662156  0.664378  278
0.666600  0.668822  249
0.671044  0.673266  214
0.675488  0.677710  223
0.679932  0.682154  192
0.684376  0.686598  207
0.688820  0.691042  184
0.693264  0.695486  157
0.697708  0.699930  176
0.702152  0.704374  152
0.706596  0.708818  126
0.711040  0.713262  112
0.715484  0.717706  89
0.719928  0.722150  102
0.724372  0.726594  86
0.728816  0.731038  72
0.733260  0.735482  77
0.737704  0.739926  62
0.742148  0.744370  63
0.746592  0.748814  57
0.751036  0.753258  40
0.755480  0.757702  40
0.759924  0.762146  39
0.764368  0.766590  20
0.768812  0.771034  30
0.773256  0.775478  26
0.777700  0.779922  19
0.782144  0.784366  12
0.786588  0.788810  19
0.791032  0.793254  16
0.795476  0.797698  14
0.799920  0.802142  7
0.804364  0.806586  5
0.808808  0.811030  5
0.813252  0.815474  4
0.817696  0.819918  6
0.822140  0.824362  4
0.826584  0.828806  3
0.831028  0.833250  0
0.835472  0.837694  1
0.839916  0.842138  0
0.844360  0.846582  0
0.848804  0.851026  1
0.853248  0.855470  0
0.857692  0.859914  0
0.862136  0.864358  0
0.866580  0.868802  0
0.871024  0.873246  0
0.875468  0.877690  0
0.879912  0.882134  0
0.884356  0.886578  0
0.888800  0.891022  0
0.893244  0.895466  0
0.897688  0.899910  0
0.902132  0.904354  0
0.906576  0.908798  0
0.911020  0.913242  0
0.915464  0.917686  0
0.919908  0.922130  0
0.924352  0.926574  0
0.928796  0.931018  0
0.933240  0.935462  0
0.937684  0.939906  0
0.942128  0.944350  0
0.946572  0.948794  0
0.951016  0.953238  0
0.955460  0.957682  0
0.959904  0.962126  0
0.964348  0.966570  0
0.968792  0.971014  0
0.973236  0.975458  0
0.977680  0.979902  0
0.982124  0.984346  0
0.986568  0.988790  0
0.991012  0.993234  0
0.995456  0.997678  0
0.999900  1.002122  0
1.004344  1.006566  0
1.008788  1.011010  0
1.013232  1.015454  0
1.017676  1.019898  0
1.022120  1.024342  0
1.026564  1.028786  0
1.031008  1.033230  0
1.035452  1.037674  0
1.039896  1.042118  0
1.044340  1.046562  0
1.048784  1.051006  0
1.053228  1.055450  0
1.057672  1.059894  0
1.062116  1.064338  0
1.066560  1.068782  0
1.071004  1.073226  0
1.075448  1.077670  0
1.079892  1.082114  0
1.084336  1.086558  0
1.088780  1.091002  0
1.093224  1.095446  0
1.097668  1.099890  0
1.102112  1.104334  0
1.106556  1.108778  0
1.111000
