# This file stores the RMSD distribution for all Trajectories
# 	TrajNameList = ['V3_Gromacs1_stripped', 'V3_Gromacs2_stripped']
# BinEdges | BinMid | RMSD distribution
0.000000  0.002222  0
0.004444  0.006666  0
0.008888  0.011110  0
0.013332  0.015554  0
0.017776  0.019998  0
0.022220  0.024442  0
0.026664  0.028886  0
0.031108  0.033330  0
0.035552  0.037774  0
0.039996  0.042218  0
0.044440  0.046662  3
0.048884  0.051106  0
0.053328  0.055550  6
0.057772  0.059994  17
0.062216  0.064438  45
0.066660  0.068882  87
0.071104  0.073326  174
0.075548  0.077770  256
0.079992  0.082214  368
0.084436  0.086658  545
0.088880  0.091102  716
0.093324  0.095546  933
0.097768  0.099990  1235
0.102212  0.104434  1585
0.106656  0.108878  1888
0.111100  0.113322  2282
0.115544  0.117766  2572
0.119988  0.122210  3084
0.124432  0.126654  3410
0.128876  0.131098  3876
0.133320  0.135542  4273
0.137764  0.139986  4720
0.142208  0.144430  5151
0.146652  0.148874  5317
0.151096  0.153318  5891
0.155540  0.157762  6180
0.159984  0.162206  6646
0.164428  0.166650  6901
0.168872  0.171094  7317
0.173316  0.175538  7514
0.177760  0.179982  7699
0.182204  0.184426  8036
0.186648  0.188870  8445
0.191092  0.193314  8552
0.195536  0.197758  8960
0.199980  0.202202  9065
0.204424  0.206646  9310
0.208868  0.211090  9403
0.213312  0.215534  9621
0.217756  0.219978  9841
0.222200  0.224422  10061
0.226644  0.228866  10083
0.231088  0.233310  10181
0.235532  0.237754  10381
0.239976  0.242198  10491
0.244420  0.246642  10636
0.248864  0.251086  10538
0.253308  0.255530  10786
0.257752  0.259974  10861
0.262196  0.264418  10926
0.266640  0.268862  10970
0.271084  0.273306  10784
0.275528  0.277750  11058
0.279972  0.282194  11165
0.284416  0.286638  11060
0.288860  0.291082  11260
0.293304  0.295526  11135
0.297748  0.299970  11613
0.302192  0.304414  11600
0.306636  0.308858  11511
0.311080  0.313302  11856
0.315524  0.317746  11618
0.319968  0.322190  11807
0.324412  0.326634  11735
0.328856  0.331078  11825
0.333300  0.335522  11776
0.337744  0.339966  11620
0.342188  0.344410  12048
0.346632  0.348854  11784
0.351076  0.353298  11504
0.355520  0.357742  11368
0.359964  0.362186  11465
0.364408  0.366630  11175
0.368852  0.371074  11083
0.373296  0.375518  10922
0.377740  0.379962  10712
0.382184  0.384406  10611
0.386628  0.388850  10269
0.391072  0.393294  10401
0.395516  0.397738  9964
0.399960  0.402182  9788
0.404404  0.406626  9995
0.408848  0.411070  9696
0.413292  0.415514  9698
0.417736  0.419958  9673
0.422180  0.424402  9650
0.426624  0.428846  9683
0.431068  0.433290  9792
0.435512  0.437734  9770
0.439956  0.442178  9778
0.444400  0.446622  9830
0.448844  0.451066  9714
0.453288  0.455510  9425
0.457732  0.459954  9521
0.462176  0.464398  9626
0.466620  0.468842  9596
0.471064  0.473286  9509
0.475508  0.477730  9236
0.479952  0.482174  9163
0.484396  0.486618  8977
0.488840  0.491062  8957
0.493284  0.495506  8765
0.497728  0.499950  8622
0.502172  0.504394  8642
0.506616  0.508838  8517
0.511060  0.513282  8372
0.515504  0.517726  8069
0.519948  0.522170  7833
0.524392  0.526614  7876
0.528836  0.531058  7632
0.533280  0.535502  7520
0.537724  0.539946  7533
0.542168  0.544390  7283
0.546612  0.548834  7202
0.551056  0.553278  6996
0.555500  0.557722  7001
0.559944  0.562166  6845
0.564388  0.566610  6940
0.568832  0.571054  6990
0.573276  0.575498  7088
0.577720  0.579942  7169
0.582164  0.584386  7315
0.586608  0.588830  7333
0.591052  0.593274  7949
0.595496  0.597718  8274
0.599940  0.602162  8772
0.604384  0.606606  9352
0.608828  0.611050  10446
0.613272  0.615494  11089
0.617716  0.619938  12163
0.622160  0.624382  12960
0.626604  0.628826  14018
0.631048  0.633270  15210
0.635492  0.637714  16234
0.639936  0.642158  16871
0.644380  0.646602  17626
0.648824  0.651046  18348
0.653268  0.655490  19467
0.657712  0.659934  19973
0.662156  0.664378  21064
0.666600  0.668822  21548
0.671044  0.673266  22322
0.675488  0.677710  23025
0.679932  0.682154  23381
0.684376  0.686598  23983
0.688820  0.691042  24392
0.693264  0.695486  24707
0.697708  0.699930  24986
0.702152  0.704374  25246
0.706596  0.708818  25422
0.711040  0.713262  25508
0.715484  0.717706  24845
0.719928  0.722150  24711
0.724372  0.726594  24266
0.728816  0.731038  23256
0.733260  0.735482  22754
0.737704  0.739926  22039
0.742148  0.744370  21212
0.746592  0.748814  20644
0.751036  0.753258  19631
0.755480  0.757702  18665
0.759924  0.762146  18081
0.764368  0.766590  17301
0.768812  0.771034  16549
0.773256  0.775478  16201
0.777700  0.779922  15567
0.782144  0.784366  14905
0.786588  0.788810  14435
0.791032  0.793254  14166
0.795476  0.797698  13576
0.799920  0.802142  13235
0.804364  0.806586  12407
0.808808  0.811030  12282
0.813252  0.815474  11604
0.817696  0.819918  11008
0.822140  0.824362  10215
0.826584  0.828806  9484
0.831028  0.833250  8916
0.835472  0.837694  8136
0.839916  0.842138  7206
0.844360  0.846582  6422
0.848804  0.851026  5808
0.853248  0.855470  4918
0.857692  0.859914  4235
0.862136  0.864358  3768
0.866580  0.868802  3303
0.871024  0.873246  2740
0.875468  0.877690  2516
0.879912  0.882134  2134
0.884356  0.886578  1879
0.888800  0.891022  1553
0.893244  0.895466  1388
0.897688  0.899910  1175
0.902132  0.904354  994
0.906576  0.908798  789
0.911020  0.913242  720
0.915464  0.917686  560
0.919908  0.922130  520
0.924352  0.926574  396
0.928796  0.931018  322
0.933240  0.935462  289
0.937684  0.939906  279
0.942128  0.944350  182
0.946572  0.948794  197
0.951016  0.953238  177
0.955460  0.957682  152
0.959904  0.962126  113
0.964348  0.966570  110
0.968792  0.971014  90
0.973236  0.975458  74
0.977680  0.979902  57
0.982124  0.984346  62
0.986568  0.988790  42
0.991012  0.993234  34
0.995456  0.997678  32
0.999900  1.002122  31
1.004344  1.006566  34
1.008788  1.011010  19
1.013232  1.015454  15
1.017676  1.019898  11
1.022120  1.024342  5
1.026564  1.028786  6
1.031008  1.033230  8
1.035452  1.037674  3
1.039896  1.042118  5
1.044340  1.046562  3
1.048784  1.051006  6
1.053228  1.055450  1
1.057672  1.059894  1
1.062116  1.064338  0
1.066560  1.068782  0
1.071004  1.073226  1
1.075448  1.077670  0
1.079892  1.082114  1
1.084336  1.086558  0
1.088780  1.091002  0
1.093224  1.095446  0
1.097668  1.099890  1
1.102112  1.104334  0
1.106556  1.108778  0
1.111000
