# This file stores the RMSD distribution for all Trajectories
# 	TrajNameList = ['V3_Gromacs1_stripped', 'V3_Gromacs2_stripped']
# BinEdges | BinMid | RMSD distribution
0.000000  0.002222  0
0.004444  0.006666  0
0.008888  0.011110  0
0.013332  0.015554  0
0.017776  0.019998  0
0.022220  0.024442  0
0.026664  0.028886  0
0.031108  0.033330  0
0.035552  0.037774  0
0.039996  0.042218  0
0.044440  0.046662  0
0.048884  0.051106  0
0.053328  0.055550  0
0.057772  0.059994  0
0.062216  0.064438  0
0.066660  0.068882  0
0.071104  0.073326  0
0.075548  0.077770  0
0.079992  0.082214  0
0.084436  0.086658  0
0.088880  0.091102  0
0.093324  0.095546  0
0.097768  0.099990  0
0.102212  0.104434  0
0.106656  0.108878  0
0.111100  0.113322  0
0.115544  0.117766  0
0.119988  0.122210  0
0.124432  0.126654  0
0.128876  0.131098  0
0.133320  0.135542  0
0.137764  0.139986  0
0.142208  0.144430  0
0.146652  0.148874  0
0.151096  0.153318  0
0.155540  0.157762  0
0.159984  0.162206  0
0.164428  0.166650  0
0.168872  0.171094  0
0.173316  0.175538  0
0.177760  0.179982  0
0.182204  0.184426  0
0.186648  0.188870  0
0.191092  0.193314  0
0.195536  0.197758  0
0.199980  0.202202  0
0.204424  0.206646  0
0.208868  0.211090  0
0.213312  0.215534  0
0.217756  0.219978  0
0.222200  0.224422  0
0.226644  0.228866  0
0.231088  0.233310  0
0.235532  0.237754  0
0.239976  0.242198  0
0.244420  0.246642  0
0.248864  0.251086  0
0.253308  0.255530  0
0.257752  0.259974  0
0.262196  0.264418  0
0.266640  0.268862  0
0.271084  0.273306  0
0.275528  0.277750  0
0.279972  0.282194  0
0.284416  0.286638  0
0.288860  0.291082  0
0.293304  0.295526  0
0.297748  0.299970  0
0.302192  0.304414  0
0.306636  0.308858  0
0.311080  0.313302  0
0.315524  0.317746  0
0.319968  0.322190  0
0.324412  0.326634  0
0.328856  0.331078  0
0.333300  0.335522  0
0.337744  0.339966  0
0.342188  0.344410  0
0.346632  0.348854  0
0.351076  0.353298  0
0.355520  0.357742  0
0.359964  0.362186  0
0.364408  0.366630  0
0.368852  0.371074  0
0.373296  0.375518  0
0.377740  0.379962  0
0.382184  0.384406  0
0.386628  0.388850  0
0.391072  0.393294  0
0.395516  0.397738  1
0.399960  0.402182  0
0.404404  0.406626  0
0.408848  0.411070  1
0.413292  0.415514  1
0.417736  0.419958  0
0.422180  0.424402  3
0.426624  0.428846  1
0.431068  0.433290  5
0.435512  0.437734  5
0.439956  0.442178  7
0.444400  0.446622  12
0.448844  0.451066  12
0.453288  0.455510  15
0.457732  0.459954  22
0.462176  0.464398  31
0.466620  0.468842  40
0.471064  0.473286  34
0.475508  0.477730  53
0.479952  0.482174  70
0.484396  0.486618  106
0.488840  0.491062  112
0.493284  0.495506  133
0.497728  0.499950  173
0.502172  0.504394  195
0.506616  0.508838  260
0.511060  0.513282  319
0.515504  0.517726  363
0.519948  0.522170  464
0.524392  0.526614  527
0.528836  0.531058  623
0.533280  0.535502  691
0.537724  0.539946  884
0.542168  0.544390  1032
0.546612  0.548834  1242
0.551056  0.553278  1324
0.555500  0.557722  1559
0.559944  0.562166  1742
0.564388  0.566610  2051
0.568832  0.571054  2346
0.573276  0.575498  2673
0.577720  0.579942  3020
0.582164  0.584386  3505
0.586608  0.588830  3798
0.591052  0.593274  4603
0.595496  0.597718  5205
0.599940  0.602162  5890
0.604384  0.606606  6734
0.608828  0.611050  7949
0.613272  0.615494  8835
0.617716  0.619938  10076
0.622160  0.624382  11143
0.626604  0.628826  12223
0.631048  0.633270  13617
0.635492  0.637714  14684
0.639936  0.642158  15431
0.644380  0.646602  16326
0.648824  0.651046  17137
0.653268  0.655490  18298
0.657712  0.659934  18914
0.662156  0.664378  20009
0.666600  0.668822  20646
0.671044  0.673266  21466
0.675488  0.677710  22201
0.679932  0.682154  22613
0.684376  0.686598  23236
0.688820  0.691042  23687
0.693264  0.695486  24089
0.697708  0.699930  24350
0.702152  0.704374  24646
0.706596  0.708818  24895
0.711040  0.713262  25017
0.715484  0.717706  24344
0.719928  0.722150  24209
0.724372  0.726594  23818
0.728816  0.731038  22863
0.733260  0.735482  22361
0.737704  0.739926  21694
0.742148  0.744370  20847
0.746592  0.748814  20350
0.751036  0.753258  19339
0.755480  0.757702  18401
0.759924  0.762146  17805
0.764368  0.766590  17084
0.768812  0.771034  16326
0.773256  0.775478  16005
0.777700  0.779922  15373
0.782144  0.784366  14725
0.786588  0.788810  14248
0.791032  0.793254  14030
0.795476  0.797698  13426
0.799920  0.802142  13087
0.804364  0.806586  12295
0.808808  0.811030  12181
0.813252  0.815474  11494
0.817696  0.819918  10907
0.822140  0.824362  10134
0.826584  0.828806  9413
0.831028  0.833250  8861
0.835472  0.837694  8082
0.839916  0.842138  7150
0.844360  0.846582  6372
0.848804  0.851026  5768
0.853248  0.855470  4870
0.857692  0.859914  4199
0.862136  0.864358  3735
0.866580  0.868802  3265
0.871024  0.873246  2719
0.875468  0.877690  2488
0.879912  0.882134  2115
0.884356  0.886578  1865
0.888800  0.891022  1541
0.893244  0.895466  1378
0.897688  0.899910  1162
0.902132  0.904354  987
0.906576  0.908798  781
0.911020  0.913242  716
0.915464  0.917686  553
0.919908  0.922130  516
0.924352  0.926574  392
0.928796  0.931018  317
0.933240  0.935462  286
0.937684  0.939906  278
0.942128  0.944350  182
0.946572  0.948794  197
0.951016  0.953238  176
0.955460  0.957682  152
0.959904  0.962126  112
0.964348  0.966570  110
0.968792  0.971014  90
0.973236  0.975458  74
0.977680  0.979902  57
0.982124  0.984346  62
0.986568  0.988790  42
0.991012  0.993234  34
0.995456  0.997678  32
0.999900  1.002122  31
1.004344  1.006566  34
1.008788  1.011010  19
1.013232  1.015454  15
1.017676  1.019898  11
1.022120  1.024342  5
1.026564  1.028786  6
1.031008  1.033230  8
1.035452  1.037674  3
1.039896  1.042118  5
1.044340  1.046562  3
1.048784  1.051006  6
1.053228  1.055450  1
1.057672  1.059894  1
1.062116  1.064338  0
1.066560  1.068782  0
1.071004  1.073226  1
1.075448  1.077670  0
1.079892  1.082114  1
1.084336  1.086558  0
1.088780  1.091002  0
1.093224  1.095446  0
1.097668  1.099890  1
1.102112  1.104334  0
1.106556  1.108778  0
1.111000
