# This File stores the ClusterProfile/Centers using >>ClosestCenters<< of the given TrajNameList
# elapsed time: 20.81 seconds
# Threshold = 0.15
# TrajNameList = ['Met_Amber1_stripped', 'Met_Amber2_stripped']
# TrjLenList = [1000, 1000]
# updated TrjLenList = [1000, 1000]
# TimeStep = 1
# StartFrame = 0
# EndingFrame = 1000
# *******
# GLOBAL PROFILE: Radius = 0.15
# *******
# 
#                |                       Radius = 0.15                            |
#                |  eff Clust     |    next Center   |     farthest Center      |
# Frame | TrajNr | PROF | effRMSD | nextC | nextRMSD | farthestC | farthestRMSD |
#                           
0 1    392 0.0000    392 0.1086    1001 0.3798
1 1    696 0.0000    696 0.1070    1485 0.3040
2 1    394 0.0000    394 0.1155    205 0.2824
3 1    702 0.0000    702 0.0862    476 0.3441
4 1    1774 0.0000    1774 0.1231    1485 0.2639
5 1    696 0.0000    696 0.1053    476 0.3013
6 1    702 0.0000    702 0.1099    476 0.3663
7 1    702 0.0000    702 0.0955    1001 0.3489
8 1    668 0.0000    668 0.1162    1485 0.4082
9 1    392 0.0000    392 0.0964    1001 0.3532
10 1    392 0.0000    392 0.1163    1001 0.3657
11 1    392 0.0000    392 0.1192    1001 0.4139
12 1    541 0.0000    541 0.1039    1001 0.3272
13 1    541 0.0000    541 0.1103    1001 0.3371
14 1    696 0.0000    696 0.0924    476 0.2788
15 1    702 0.0000    702 0.0993    476 0.3243
16 1    702 0.0000    702 0.1034    1485 0.3496
17 1    696 0.0000    696 0.1094    476 0.2613
18 1    702 0.0000    702 0.1149    1001 0.3608
19 1    392 0.0000    392 0.0977    1001 0.3463
20 1    702 0.0000    702 0.1133    1001 0.3939
21 1    702 0.0000    702 0.0935    1001 0.3839
22 1    702 0.0000    702 0.0785    476 0.3213
23 1    668 0.0000    668 0.0976    1485 0.3761
24 1    702 0.0000    702 0.1177    1485 0.3524
25 1    668 0.0000    668 0.0874    1001 0.3944
26 1    702 0.0000    702 0.1108    476 0.3111
27 1    392 0.0000    392 0.0956    1001 0.3847
28 1    392 0.0000    392 0.1067    1001 0.4008
29 1    702 0.0000    702 0.0916    1001 0.3587
30 1    248 0.0000    248 0.1108    1485 0.3032
31 1    696 0.0000    696 0.1088    1001 0.3000
32 1    702 0.0000    702 0.0926    1001 0.3651
33 1    668 0.0000    668 0.1151    1485 0.3847
34 1    702 0.0000    702 0.1075    476 0.3430
35 1    702 0.0000    702 0.0973    476 0.3348
36 1    392 0.0000    392 0.0965    1001 0.3436
37 1    392 0.0000    392 0.1063    1001 0.3836
38 1    392 0.0000    392 0.1037    1001 0.3792
39 1    696 0.0000    696 0.1105    476 0.3023
40 1    702 0.0000    702 0.0945    1001 0.2954
41 1    702 0.0000    702 0.1052    1001 0.3321
42 1    702 0.0000    702 0.1031    476 0.3148
43 1    392 0.0000    392 0.0932    1001 0.3362
44 1    668 0.0000    668 0.0950    1485 0.3646
45 1    702 0.0000    702 0.1050    1001 0.3707
46 1    392 0.0000    392 0.1050    1485 0.3465
47 1    702 0.0000    702 0.0998    476 0.3105
48 1    1405 0.0000    1405 0.1216    1001 0.3169
49 1    702 0.0000    702 0.1032    1001 0.3822
50 1    668 0.0000    668 0.1021    143 0.3927
51 1    668 0.0000    668 0.0947    1485 0.3519
52 1    702 0.0000    702 0.0740    1001 0.3480
53 1    702 0.0000    702 0.0780    476 0.3455
54 1    702 0.0000    702 0.0714    1001 0.3733
55 1    702 0.0000    702 0.0871    1001 0.3319
56 1    702 0.0000    702 0.1094    1485 0.3555
57 1    1383 0.0000    1383 0.1198    1485 0.3530
58 1    1774 0.0000    1774 0.0879    476 0.2472
59 1    696 0.0000    696 0.1182    476 0.2811
60 1    1774 0.0000    1774 0.1180    205 0.2718
61 1    1644 0.0000    1644 0.1134    476 0.3118
62 1    1774 0.0000    1774 0.1235    205 0.2889
63 1    1774 0.0000    1774 0.1170    476 0.2733
64 1    248 0.0000    248 0.0904    1485 0.2928
65 1    1383 0.0000    1383 0.1378    1485 0.3447
66 1    392 0.0000    392 0.1235    1001 0.4150
67 1    1383 0.0000    1383 0.1085    1485 0.3750
68 1    1383 0.0000    1383 0.0995    1485 0.3144
69 1    1644 0.0000    1644 0.1161    476 0.3174
70 1    696 0.0000    696 0.1108    1001 0.3031
71 1    1383 0.0000    1383 0.1039    1485 0.3618
72 1    702 0.0000    702 0.1333    1485 0.4029
73 1    248 0.0000    248 0.0873    1485 0.2686
74 1    702 0.0000    702 0.1156    1485 0.3695
75 1    1383 0.0000    1383 0.1270    1485 0.3419
76 1    392 0.0000    392 0.1283    1485 0.3323
77 1    392 0.0000    392 0.1161    1485 0.3855
78 1    1774 0.0000    1774 0.1178    205 0.2864
79 1    702 0.0000    702 0.1133    476 0.3271
80 1    392 0.0000    392 0.1012    1001 0.3357
81 1    1774 0.0000    1774 0.1143    205 0.2933
82 1    696 0.0000    696 0.1149    476 0.2682
83 1    1383 0.0000    1383 0.1205    1485 0.3170
84 1    696 0.0000    696 0.1290    476 0.2704
85 1    392 0.0000    392 0.1195    1485 0.3695
86 1    205 0.0000    205 0.1214    1001 0.4099
87 1    702 0.0000    702 0.1319    1485 0.4157
88 1    702 0.0000    702 0.1034    476 0.3215
89 1    394 0.0000    394 0.1104    476 0.3062
90 1    702 0.0000    702 0.0943    1001 0.3591
91 1    702 0.0000    702 0.1039    1001 0.3745
92 1    696 0.0000    696 0.1250    476 0.2960
93 1    702 0.0000    702 0.0982    476 0.3659
94 1    668 0.0000    668 0.1145    1001 0.3997
95 1    1383 0.0000    1383 0.1316    1485 0.3463
96 1    702 0.0000    702 0.0931    1001 0.3212
97 1    702 0.0000    702 0.0923    1001 0.3352
98 1    702 0.0000    702 0.1291    476 0.3418
99 1    1644 0.0000    1644 0.0934    476 0.3097
100 1    1383 0.0000    1383 0.1188    1485 0.3256
101 1    1774 0.0000    1774 0.1146    476 0.2560
102 1    248 0.0000    248 0.1110    1485 0.3085
103 1    248 0.0000    248 0.1148    1485 0.3268
104 1    668 0.0000    668 0.1106    1485 0.3858
105 1    668 0.0000    668 0.1036    1485 0.3838
106 1    596 0.0000    596 0.1090    205 0.2953
107 1    702 0.0000    702 0.1177    476 0.3483
108 1    218 0.0000    218 0.1245    541 0.2940
109 1    394 0.0000    394 0.0906    205 0.2668
110 1    394 0.0000    394 0.0996    1485 0.2759
111 1    596 0.0000    596 0.0745    541 0.3021
112 1    248 0.0000    248 0.1022    205 0.2650
113 1    1774 0.0000    1774 0.1212    205 0.3049
114 1    696 0.0000    696 0.0980    1485 0.2964
115 1    696 0.0000    696 0.0928    1485 0.2556
116 1    1774 0.0000    1774 0.1129    476 0.2724
117 1    392 0.0000    392 0.1069    1485 0.3429
118 1    248 0.0000    248 0.1228    1485 0.2915
119 1    392 0.0000    392 0.1223    1485 0.3674
120 1    1383 0.0000    1383 0.1241    1485 0.3103
121 1    696 0.0000    696 0.1213    1485 0.3025
122 1    1383 0.0000    1383 0.1194    1485 0.3186
123 1    1221 0.0000    1221 0.1350    476 0.3102
124 1    596 0.0000    596 0.1249    1485 0.2646
125 1    1383 0.0000    1383 0.1259    1485 0.3146
126 1    1774 0.0000    1774 0.0994    205 0.2727
127 1    1774 0.0000    1774 0.0943    205 0.2615
128 1    1774 0.0000    1774 0.1089    205 0.2456
129 1    1774 0.0000    1774 0.0983    205 0.2663
130 1    696 0.0000    696 0.1233    1485 0.2762
131 1    1774 0.0000    1774 0.0915    205 0.3098
132 1    1383 0.0000    1383 0.1310    1485 0.3146
133 1    1774 0.0000    1774 0.0932    205 0.2841
134 1    938 0.0000    938 0.1304    205 0.3355
135 1    1774 0.0000    1774 0.1031    205 0.3011
136 1    938 0.0000    938 0.1215    205 0.3049
137 1    938 0.0000    938 0.1180    668 0.3138
138 1    696 0.0000    696 0.1040    476 0.2956
139 1    938 0.0000    938 0.1139    205 0.2949
140 1    143 0.0000    143 0.0363    205 0.3571
141 1    143 0.0000    143 0.0715    205 0.3610
142 1    143 0.1627    218 0.1508    205 0.3724
143 1    143 0.0000    143 0.0649    205 0.3604
144 1    143 0.0000    143 0.0867    205 0.3165
145 1    143 0.0000    143 0.0665    205 0.3401
146 1    394 0.0000    394 0.1150    205 0.2803
147 1    143 0.0000    143 0.1204    205 0.3223
148 1    143 0.0000    143 0.1276    668 0.3097
149 1    938 0.0000    938 0.1179    205 0.2964
150 1    1774 0.0000    1774 0.1029    205 0.3040
151 1    1774 0.0000    1774 0.1031    205 0.2689
152 1    1774 0.0000    1774 0.0740    205 0.2620
153 1    702 0.0000    702 0.1276    1485 0.3047
154 1    1383 0.0000    1383 0.0999    1485 0.3041
155 1    394 0.0000    394 0.1113    1485 0.2823
156 1    394 0.0000    394 0.1057    1485 0.3114
157 1    596 0.0000    596 0.1079    1485 0.2681
158 1    596 0.0000    596 0.1103    205 0.3288
159 1    394 0.0000    394 0.0818    1485 0.2912
160 1    394 0.0000    394 0.0911    1485 0.2882
161 1    596 0.0000    596 0.0715    541 0.2966
162 1    596 0.0000    596 0.0901    205 0.3383
163 1    1644 0.0000    1644 0.1183    476 0.3191
164 1    668 0.0000    668 0.1138    476 0.3318
165 1    1644 0.0000    1644 0.1186    1485 0.3258
166 1    668 0.0000    668 0.1170    1485 0.3718
167 1    668 0.0000    668 0.0645    1485 0.3439
168 1    696 0.0000    696 0.1174    1485 0.3088
169 1    392 0.0000    392 0.1119    1001 0.3490
170 1    392 0.0000    392 0.1164    476 0.3620
171 1    1383 0.0000    1383 0.1034    1485 0.3247
172 1    1383 0.0000    1383 0.1000    1485 0.3318
173 1    392 0.0000    392 0.1057    1485 0.3627
174 1    1383 0.0000    1383 0.0913    1485 0.3142
175 1    1383 0.0000    1383 0.0644    1485 0.3555
176 1    1383 0.0000    1383 0.0664    1485 0.3390
177 1    205 0.0000    205 0.0910    1001 0.3385
178 1    696 0.0000    696 0.1207    1485 0.2634
179 1    1383 0.0000    1383 0.1013    1485 0.3562
180 1    205 0.0000    205 0.1104    1485 0.3777
181 1    392 0.0000    392 0.1077    1485 0.3432
182 1    1405 0.0000    1405 0.1082    1001 0.3198
183 1    1383 0.0000    1383 0.1271    476 0.2951
184 1    1774 0.0000    1774 0.1075    205 0.2743
185 1    696 0.0000    696 0.1346    1485 0.3048
186 1    1774 0.0000    1774 0.0987    205 0.2654
187 1    394 0.0000    394 0.1233    476 0.2860
188 1    702 0.0000    702 0.1217    1485 0.3197
189 1    1644 0.0000    1644 0.1059    476 0.3062
190 1    696 0.0000    696 0.1308    1485 0.2873
191 1    696 0.0000    696 0.1238    1485 0.2796
192 1    1644 0.0000    1644 0.1316    476 0.3280
193 1    1383 0.0000    1383 0.1286    1485 0.3523
194 1    392 0.0000    392 0.1146    1485 0.3615
195 1    392 0.0000    392 0.1254    1485 0.3524
196 1    1383 0.0000    1383 0.1218    1485 0.3292
197 1    596 0.0000    596 0.1274    1485 0.2763
198 1    248 0.0000    248 0.1164    1485 0.3017
199 1    1383 0.0000    1383 0.1277    1485 0.3343
200 1    1774 0.0000    1774 0.1080    205 0.2913
201 1    596 0.0000    596 0.1209    205 0.2776
202 1    696 0.0000    696 0.1035    1485 0.2968
203 1    696 0.0000    696 0.1151    1485 0.3035
204 1    205 0.1641    392 0.1535    143 0.3724
205 1    205 0.0000    205 0.1085    1485 0.3388
206 1    1690 0.0000    1690 0.1022    1485 0.3308
207 1    1690 0.0000    1690 0.0808    1485 0.2849
208 1    1690 0.0000    1690 0.1090    1485 0.2855
209 1    1690 0.0000    1690 0.1214    1485 0.3061
210 1    394 0.0000    394 0.1285    1485 0.3013
211 1    1383 0.0000    1383 0.0994    1485 0.3386
212 1    1383 0.0000    1383 0.1092    1485 0.3216
213 1    1690 0.0000    1690 0.1307    143 0.3230
214 1    394 0.0000    394 0.1051    1485 0.3144
215 1    1690 0.0000    1690 0.1209    143 0.2944
216 1    1383 0.0000    1383 0.1298    1485 0.3244
217 1    218 0.1570    143 0.1508    541 0.3168
218 1    218 0.0000    218 0.0992    702 0.3609
219 1    1690 0.0000    1690 0.0972    1644 0.2673
220 1    1383 0.0000    1383 0.1082    1485 0.3276
221 1    1690 0.0000    1690 0.1067    1485 0.3303
222 1    205 0.0000    205 0.0858    1485 0.3222
223 1    1221 0.0000    1221 0.1414    143 0.2865
224 1    938 0.0000    938 0.0972    668 0.2989
225 1    938 0.0000    938 0.0902    205 0.3240
226 1    1001 0.0000    1001 0.1259    205 0.3678
227 1    1001 0.0000    1001 0.1285    205 0.3750
228 1    938 0.0000    938 0.1027    205 0.3464
229 1    938 0.0000    938 0.0979    205 0.3471
230 1    218 0.0000    218 0.0743    702 0.3316
231 1    218 0.0000    218 0.0734    668 0.3079
232 1    218 0.0000    218 0.0815    541 0.2825
233 1    218 0.0000    218 0.0618    541 0.2999
234 1    218 0.0000    218 0.0440    541 0.3300
235 1    476 0.0000    476 0.0921    668 0.3408
236 1    218 0.0000    218 0.0792    702 0.3431
237 1    218 0.0000    218 0.0651    205 0.3313
238 1    218 0.0000    218 0.0877    702 0.3347
239 1    218 0.0000    218 0.0667    541 0.2962
240 1    218 0.0000    218 0.0798    668 0.3124
241 1    218 0.0000    218 0.1137    668 0.3269
242 1    218 0.0000    218 0.0936    702 0.3318
243 1    218 0.0000    218 0.0649    541 0.3425
244 1    218 0.0000    218 0.0517    541 0.3212
245 1    248 0.0000    248 0.0782    1485 0.2729
246 1    1405 0.0000    1405 0.1143    1485 0.3465
247 1    248 0.1664    696 0.1504    1485 0.2677
248 1    248 0.0000    248 0.1202    205 0.2696
249 1    248 0.0000    248 0.0525    205 0.2770
250 1    696 0.0000    696 0.1268    205 0.2623
251 1    696 0.0000    696 0.1251    476 0.3026
252 1    248 0.0000    248 0.1145    1485 0.3292
253 1    1383 0.0000    1383 0.1109    1485 0.3480
254 1    392 0.0000    392 0.0978    1001 0.3637
255 1    1383 0.0000    1383 0.0858    1485 0.3235
256 1    392 0.0000    392 0.0937    476 0.3342
257 1    1774 0.0000    1774 0.1296    205 0.2853
258 1    1774 0.0000    1774 0.1362    476 0.2908
259 1    394 0.0000    394 0.1325    205 0.3045
260 1    596 0.0000    596 0.1171    205 0.3327
261 1    596 0.0000    596 0.1224    205 0.2941
262 1    143 0.0000    143 0.1338    205 0.3640
263 1    596 0.0000    596 0.1287    205 0.2951
264 1    394 0.0000    394 0.1301    1405 0.3009
265 1    1774 0.0000    1774 0.1478    205 0.3151
266 1    143 0.0000    143 0.1189    205 0.3608
267 1    596 0.0000    596 0.1367    205 0.3134
268 1    143 0.0000    143 0.0987    205 0.3696
269 1    143 0.0000    143 0.1047    205 0.3650
270 1    143 0.0000    143 0.0938    205 0.3981
271 1    143 0.0000    143 0.0902    205 0.3867
272 1    143 0.0000    143 0.1081    205 0.3611
273 1    143 0.0000    143 0.1000    205 0.3734
274 1    143 0.0000    143 0.0857    205 0.3793
275 1    143 0.0000    143 0.1025    205 0.3997
276 1    143 0.0000    143 0.1024    205 0.3759
277 1    143 0.0000    143 0.0869    205 0.3590
278 1    143 0.0000    143 0.0940    205 0.3983
279 1    143 0.0000    143 0.0978    205 0.4078
280 1    143 0.0000    143 0.0962    205 0.3717
281 1    596 0.0000    596 0.1040    205 0.3337
282 1    596 0.0000    596 0.0912    205 0.3105
283 1    143 0.0000    143 0.1180    205 0.3456
284 1    596 0.0000    596 0.1159    205 0.3321
285 1    596 0.0000    596 0.1118    205 0.3239
286 1    143 0.0000    143 0.0992    205 0.3516
287 1    143 0.0000    143 0.1012    205 0.3580
288 1    143 0.0000    143 0.0898    205 0.3674
289 1    143 0.0000    143 0.0850    205 0.3709
290 1    143 0.0000    143 0.1130    205 0.3554
291 1    143 0.0000    143 0.0950    205 0.3723
292 1    143 0.0000    143 0.1108    205 0.3598
293 1    143 0.0000    143 0.0948    205 0.3716
294 1    143 0.0000    143 0.0995    205 0.3842
295 1    143 0.0000    143 0.0972    205 0.3723
296 1    143 0.0000    143 0.0930    205 0.3968
297 1    143 0.0000    143 0.0945    205 0.4018
298 1    143 0.0000    143 0.0960    205 0.3757
299 1    143 0.0000    143 0.0892    205 0.3821
300 1    143 0.0000    143 0.0882    205 0.3946
301 1    143 0.0000    143 0.0836    205 0.3800
302 1    143 0.0000    143 0.0900    205 0.3847
303 1    143 0.0000    143 0.0957    205 0.4081
304 1    1774 0.0000    1774 0.1235    205 0.3168
305 1    1774 0.0000    1774 0.1220    668 0.3257
306 1    1774 0.0000    1774 0.1107    668 0.3021
307 1    1774 0.0000    1774 0.1211    205 0.3076
308 1    1774 0.0000    1774 0.1240    205 0.3197
309 1    1774 0.0000    1774 0.1129    205 0.3153
310 1    143 0.0000    143 0.1032    205 0.3472
311 1    1774 0.0000    1774 0.1141    205 0.2892
312 1    1774 0.0000    1774 0.1267    205 0.3417
313 1    1774 0.0000    1774 0.1190    668 0.3110
314 1    1774 0.0000    1774 0.1029    205 0.2800
315 1    696 0.0000    696 0.1182    476 0.3248
316 1    668 0.0000    668 0.1108    476 0.3906
317 1    1383 0.0000    1383 0.1228    1485 0.3467
318 1    702 0.0000    702 0.1167    476 0.3357
319 1    702 0.0000    702 0.1191    476 0.3433
320 1    1644 0.0000    1644 0.1187    476 0.3322
321 1    668 0.0000    668 0.1136    1485 0.3924
322 1    392 0.0000    392 0.1391    476 0.3336
323 1    392 0.0000    392 0.1011    1001 0.3624
324 1    1383 0.0000    1383 0.0705    1485 0.3255
325 1    1383 0.0000    1383 0.0646    1485 0.3559
326 1    205 0.0000    205 0.1255    1001 0.3919
327 1    205 0.0000    205 0.0957    1001 0.3592
328 1    205 0.0000    205 0.1250    143 0.3414
329 1    1690 0.0000    1690 0.0821    1485 0.2975
330 1    1690 0.0000    1690 0.1337    143 0.3180
331 1    205 0.0000    205 0.0978    1001 0.3502
332 1    205 0.0000    205 0.1182    143 0.3357
333 1    205 0.0000    205 0.0996    1001 0.3624
334 1    1383 0.0000    1383 0.1100    1001 0.3758
335 1    1383 0.0000    1383 0.0627    1485 0.3499
336 1    392 0.0000    392 0.0833    1001 0.3487
337 1    392 0.0000    392 0.0842    1001 0.3751
338 1    1383 0.0000    1383 0.0795    1485 0.3283
339 1    392 0.0000    392 0.0977    1001 0.3419
340 1    392 0.0000    392 0.1065    1001 0.3401
341 1    1383 0.0000    1383 0.0826    1485 0.3719
342 1    1383 0.0000    1383 0.0775    1485 0.3265
343 1    1383 0.0000    1383 0.0590    1485 0.3527
344 1    1383 0.0000    1383 0.0710    1485 0.3733
345 1    392 0.0000    392 0.1149    1001 0.3923
346 1    1383 0.0000    1383 0.0628    1485 0.3521
347 1    1383 0.0000    1383 0.0956    1485 0.3616
348 1    1383 0.0000    1383 0.0704    1485 0.3617
349 1    1383 0.0000    1383 0.0708    1485 0.3468
350 1    392 0.0000    392 0.1180    1001 0.3922
351 1    205 0.0000    205 0.1265    1001 0.3711
352 1    1383 0.0000    1383 0.1116    1485 0.3363
353 1    143 0.0000    143 0.1288    702 0.2828
354 1    394 0.0000    394 0.1241    1485 0.3007
355 1    596 0.0000    596 0.1286    205 0.2870
356 1    596 0.0000    596 0.1171    702 0.2910
357 1    143 0.0000    143 0.1143    205 0.3118
358 1    596 0.0000    596 0.1251    702 0.2851
359 1    143 0.0000    143 0.1071    205 0.3067
360 1    394 0.0000    394 0.1051    1485 0.2947
361 1    1690 0.0000    1690 0.1016    1485 0.2900
362 1    143 0.0000    143 0.0907    205 0.3336
363 1    1690 0.0000    1690 0.1191    1485 0.2852
364 1    596 0.0000    596 0.1300    1485 0.2953
365 1    248 0.0000    248 0.0894    1485 0.2817
366 1    1690 0.0000    1690 0.1212    1485 0.3006
367 1    394 0.0000    394 0.0781    1485 0.2918
368 1    596 0.0000    596 0.0851    205 0.3395
369 1    143 0.0000    143 0.0963    205 0.3227
370 1    596 0.0000    596 0.1013    205 0.2930
371 1    596 0.0000    596 0.0781    205 0.2984
372 1    143 0.0000    143 0.1031    205 0.3255
373 1    596 0.0000    596 0.1077    205 0.3026
374 1    394 0.0000    394 0.0827    1485 0.2792
375 1    394 0.0000    394 0.0987    1485 0.3167
376 1    1383 0.0000    1383 0.0963    1485 0.3286
377 1    1383 0.0000    1383 0.1111    1485 0.3374
378 1    1690 0.0000    1690 0.1230    1485 0.3146
379 1    394 0.0000    394 0.0851    1485 0.2969
380 1    394 0.0000    394 0.0774    1485 0.2845
381 1    394 0.0000    394 0.1181    1485 0.2870
382 1    696 0.0000    696 0.0970    1485 0.3097
383 1    596 0.0000    596 0.1038    541 0.2969
384 1    596 0.0000    596 0.0875    541 0.2933
385 1    218 0.0000    218 0.1216    205 0.3557
386 1    596 0.0000    596 0.0872    205 0.3147
387 1    596 0.0000    596 0.1091    205 0.3044
388 1    143 0.0000    143 0.1046    205 0.3555
389 1    702 0.0000    702 0.1230    476 0.3620
390 1    668 0.0000    668 0.1205    476 0.3557
391 1    392 0.1627    696 0.1507    1001 0.3452
392 1    248 0.0000    248 0.0885    1485 0.2585
393 1    394 0.1670    596 0.1504    1485 0.2745
394 1    143 0.0000    143 0.1021    205 0.3189
395 1    394 0.0000    394 0.0784    1485 0.2892
396 1    394 0.0000    394 0.0853    205 0.2759
397 1    394 0.0000    394 0.0732    1485 0.2743
398 1    394 0.0000    394 0.0746    205 0.2775
399 1    143 0.0000    143 0.0765    205 0.3553
400 1    696 0.0000    696 0.1038    1485 0.2706
401 1    541 0.0000    541 0.1149    1001 0.3514
402 1    392 0.0000    392 0.1203    1485 0.3559
403 1    702 0.0000    702 0.0995    1001 0.3719
404 1    702 0.0000    702 0.0922    1001 0.3697
405 1    1383 0.0000    1383 0.1090    1485 0.3772
406 1    596 0.0000    596 0.1199    541 0.2961
407 1    143 0.0000    143 0.1083    205 0.3057
408 1    143 0.0000    143 0.1148    205 0.3194
409 1    143 0.0000    143 0.1313    205 0.2837
410 1    596 0.0000    596 0.1273    702 0.2862
411 1    596 0.0000    596 0.1266    1485 0.2842
412 1    596 0.0000    596 0.1269    205 0.2856
413 1    394 0.0000    394 0.0993    1485 0.2876
414 1    596 0.0000    596 0.1164    1485 0.2904
415 1    394 0.0000    394 0.1112    1485 0.3073
416 1    544 0.0000    544 0.1209    1644 0.2604
417 1    938 0.0000    938 0.0855    668 0.3061
418 1    938 0.0000    938 0.1076    668 0.3361
419 1    476 0.0000    476 0.0912    668 0.3479
420 1    476 0.0000    476 0.1097    668 0.3466
421 1    938 0.0000    938 0.1136    668 0.3373
422 1    143 0.0000    143 0.1233    205 0.3913
423 1    476 0.0000    476 0.1280    668 0.3773
424 1    938 0.0000    938 0.0901    668 0.3325
425 1    1690 0.0000    1690 0.0844    1644 0.2707
426 1    1600 0.0000    1600 0.1165    668 0.2953
427 1    1600 0.0000    1600 0.1234    668 0.2944
428 1    1774 0.0000    1774 0.1284    668 0.2733
429 1    541 0.0000    541 0.1195    476 0.2746
430 1    541 0.0000    541 0.1125    476 0.3350
431 1    541 0.0000    541 0.1313    1001 0.3071
432 1    1405 0.0000    1405 0.0506    1001 0.3398
433 1    1690 0.0000    1690 0.0707    1485 0.2739
434 1    476 0.0000    476 0.0434    668 0.3736
435 1    476 0.0000    476 0.0849    668 0.3874
436 1    476 0.0000    476 0.1159    205 0.3881
437 1    476 0.0000    476 0.0916    668 0.3934
438 1    476 0.0000    476 0.0791    702 0.3576
439 1    476 0.0000    476 0.0721    668 0.3704
440 1    476 0.0000    476 0.0598    668 0.3543
441 1    476 0.0000    476 0.0525    668 0.3583
442 1    476 0.0000    476 0.0989    668 0.3421
443 1    476 0.0000    476 0.0860    668 0.3359
444 1    544 0.0000    544 0.1143    668 0.3204
445 1    544 0.0000    544 0.1043    668 0.3086
446 1    476 0.0000    476 0.0830    668 0.3261
447 1    476 0.0000    476 0.0693    668 0.3445
448 1    476 0.0000    476 0.0741    668 0.3442
449 1    476 0.0000    476 0.0852    668 0.3481
450 1    476 0.0000    476 0.0781    668 0.3526
451 1    476 0.0000    476 0.0908    668 0.3291
452 1    476 0.0000    476 0.0803    668 0.3495
453 1    476 0.0000    476 0.0978    668 0.3562
454 1    1600 0.0000    1600 0.1104    668 0.3443
455 1    541 0.0000    541 0.1345    668 0.2749
456 1    1774 0.0000    1774 0.0975    668 0.2786
457 1    1600 0.0000    1600 0.1114    205 0.2799
458 1    248 0.0000    248 0.1117    1485 0.2465
459 1    1405 0.0000    1405 0.0938    1001 0.2832
460 1    544 0.0000    544 0.1052    668 0.2724
461 1    544 0.0000    544 0.1160    668 0.3031
462 1    544 0.0000    544 0.1093    668 0.3265
463 1    476 0.0000    476 0.0777    668 0.3223
464 1    476 0.0000    476 0.0800    668 0.3683
465 1    476 0.0000    476 0.0907    702 0.3477
466 1    476 0.0000    476 0.0840    702 0.3183
467 1    476 0.0000    476 0.0835    702 0.3323
468 1    476 0.0000    476 0.0819    668 0.3340
469 1    1690 0.0000    1690 0.1253    1644 0.2988
470 1    476 0.0000    476 0.0992    668 0.3924
471 1    476 0.0000    476 0.0414    668 0.3423
472 1    476 0.0000    476 0.0665    668 0.3282
473 1    476 0.0000    476 0.0418    668 0.3660
474 1    476 0.0000    476 0.0785    668 0.3176
475 1    476 0.1547    218 0.1522    668 0.3595
476 1    476 0.0000    476 0.0699    668 0.3208
477 1    476 0.0000    476 0.0568    668 0.3378
478 1    476 0.0000    476 0.0770    668 0.3748
479 1    476 0.0000    476 0.0773    668 0.3671
480 1    476 0.0000    476 0.0759    668 0.3818
481 1    476 0.0000    476 0.1117    205 0.3798
482 1    476 0.0000    476 0.1093    205 0.3711
483 1    476 0.0000    476 0.0924    668 0.3223
484 1    476 0.0000    476 0.0665    668 0.3695
485 1    476 0.0000    476 0.1013    205 0.3666
486 1    938 0.0000    938 0.0950    668 0.3179
487 1    938 0.0000    938 0.1257    668 0.2709
488 1    938 0.0000    938 0.1237    668 0.2787
489 1    476 0.0000    476 0.0801    702 0.3584
490 1    1690 0.0000    1690 0.1023    1644 0.2688
491 1    938 0.0000    938 0.1106    668 0.2779
492 1    938 0.0000    938 0.0534    668 0.3020
493 1    938 0.0000    938 0.0496    668 0.2928
494 1    938 0.0000    938 0.0674    668 0.3091
495 1    476 0.0000    476 0.1031    702 0.3236
496 1    476 0.0000    476 0.0881    668 0.3129
497 1    938 0.0000    938 0.0688    668 0.2813
498 1    938 0.0000    938 0.0807    668 0.2734
499 1    938 0.0000    938 0.0429    668 0.2859
500 1    938 0.0000    938 0.0780    668 0.2692
501 1    218 0.0000    218 0.1008    702 0.3029
502 1    938 0.0000    938 0.0636    668 0.2790
503 1    938 0.0000    938 0.0715    668 0.2774
504 1    248 0.0000    248 0.1052    1485 0.2690
505 1    938 0.0000    938 0.0658    668 0.2742
506 1    938 0.0000    938 0.0580    668 0.2732
507 1    938 0.0000    938 0.0548    668 0.3161
508 1    938 0.0000    938 0.0982    668 0.2962
509 1    476 0.0000    476 0.1029    702 0.3749
510 1    938 0.0000    938 0.0746    205 0.3172
511 1    476 0.0000    476 0.0777    702 0.3204
512 1    218 0.0000    218 0.1010    702 0.3212
513 1    218 0.0000    218 0.1025    702 0.3454
514 1    938 0.0000    938 0.0911    668 0.2871
515 1    938 0.0000    938 0.0726    668 0.2602
516 1    938 0.0000    938 0.0798    668 0.2662
517 1    938 0.0000    938 0.0943    668 0.3009
518 1    476 0.0000    476 0.0884    668 0.3394
519 1    938 0.0000    938 0.0956    668 0.2951
520 1    476 0.0000    476 0.0681    668 0.3363
521 1    938 0.0000    938 0.0938    668 0.3071
522 1    476 0.0000    476 0.0881    668 0.3464
523 1    476 0.0000    476 0.0969    668 0.3707
524 1    476 0.0000    476 0.1094    205 0.3913
525 1    1485 0.0000    1485 0.1093    205 0.3796
526 1    544 0.0000    544 0.0519    668 0.3029
527 1    544 0.0000    544 0.0364    668 0.2810
528 1    1774 0.0000    1774 0.1274    1001 0.2506
529 1    544 0.0000    544 0.0650    596 0.2726
530 1    541 0.0000    541 0.1201    668 0.2736
531 1    544 0.0000    544 0.0704    218 0.2644
532 1    544 0.0000    544 0.0722    1001 0.2764
533 1    541 0.0000    541 0.1146    476 0.2803
534 1    1405 0.0000    1405 0.1205    1485 0.3516
535 1    541 0.0000    541 0.1055    1001 0.3267
536 1    541 0.0000    541 0.1038    476 0.2985
537 1    702 0.0000    702 0.1138    1001 0.3681
538 1    1644 0.0000    1644 0.1137    476 0.3289
539 1    702 0.0000    702 0.1214    1001 0.3697
540 1    541 0.1870    1405 0.1532    1001 0.3273
541 1    1405 0.0000    1405 0.1075    1485 0.3325
542 1    541 0.0000    541 0.0835    1001 0.2911
543 1    544 0.2131    1405 0.1543    668 0.2906
544 1    1774 0.0000    1774 0.1243    476 0.2767
545 1    544 0.0000    544 0.0703    668 0.2848
546 1    544 0.0000    544 0.0725    668 0.2689
547 1    476 0.0000    476 0.1130    668 0.2956
548 1    544 0.0000    544 0.0738    1644 0.2912
549 1    544 0.0000    544 0.0441    668 0.2918
550 1    541 0.0000    541 0.0984    1001 0.2720
551 1    541 0.0000    541 0.1222    218 0.2703
552 1    541 0.0000    541 0.0700    1001 0.3125
553 1    541 0.0000    541 0.0623    1001 0.3351
554 1    541 0.0000    541 0.0916    1001 0.2806
555 1    541 0.0000    541 0.0485    1001 0.3279
556 1    541 0.0000    541 0.0632    1001 0.3277
557 1    541 0.0000    541 0.0621    1001 0.3007
558 1    544 0.0000    544 0.0796    668 0.2580
559 1    1405 0.0000    1405 0.0909    1644 0.2719
560 1    205 0.0000    205 0.1115    1485 0.3417
561 1    205 0.0000    205 0.0944    1001 0.3881
562 1    1383 0.0000    1383 0.1154    1485 0.3509
563 1    1405 0.0000    1405 0.0774    1485 0.3053
564 1    702 0.0000    702 0.1452    1485 0.4067
565 1    392 0.0000    392 0.1136    1001 0.3758
566 1    392 0.0000    392 0.0959    1485 0.3207
567 1    1383 0.0000    1383 0.1203    1485 0.3135
568 1    392 0.0000    392 0.1018    1485 0.3199
569 1    392 0.0000    392 0.1230    1001 0.3514
570 1    702 0.0000    702 0.1164    1485 0.3763
571 1    702 0.0000    702 0.1069    1001 0.3888
572 1    696 0.0000    696 0.1047    476 0.2826
573 1    1774 0.0000    1774 0.1261    476 0.2757
574 1    696 0.0000    696 0.1217    476 0.3145
575 1    1774 0.0000    1774 0.1357    476 0.3029
576 1    696 0.0000    696 0.0891    1485 0.2721
577 1    394 0.0000    394 0.1139    1485 0.2634
578 1    392 0.0000    392 0.1058    1485 0.3230
579 1    696 0.0000    696 0.0938    1485 0.2645
580 1    696 0.0000    696 0.1125    1485 0.3174
581 1    696 0.0000    696 0.1086    1485 0.3184
582 1    668 0.0000    668 0.1237    1485 0.3688
583 1    668 0.0000    668 0.1404    1485 0.4172
584 1    248 0.0000    248 0.1018    1485 0.3242
585 1    248 0.0000    248 0.0909    1485 0.2877
586 1    248 0.0000    248 0.0968    1485 0.2812
587 1    248 0.0000    248 0.1052    205 0.2698
588 1    248 0.0000    248 0.1026    1485 0.2710
589 1    248 0.0000    248 0.1098    1485 0.2837
590 1    392 0.0000    392 0.1011    1001 0.3456
591 1    392 0.0000    392 0.1046    1485 0.3403
592 1    702 0.0000    702 0.0996    476 0.3577
593 1    1644 0.0000    1644 0.1241    476 0.3230
594 1    1644 0.0000    1644 0.1077    476 0.3392
595 1    596 0.1663    394 0.1504    205 0.3047
596 1    1644 0.0000    1644 0.1234    476 0.3228
597 1    668 0.0000    668 0.0791    476 0.3444
598 1    1644 0.0000    1644 0.1310    1485 0.3300
599 1    1644 0.0000    1644 0.1368    476 0.3117
600 1    1644 0.0000    1644 0.0867    476 0.3190
601 1    702 0.0000    702 0.1220    1485 0.3912
602 1    702 0.0000    702 0.1166    1001 0.3242
603 1    248 0.0000    248 0.0980    1485 0.3217
604 1    696 0.0000    696 0.1221    1485 0.3203
605 1    248 0.0000    248 0.0937    1485 0.2915
606 1    1383 0.0000    1383 0.0989    1485 0.3658
607 1    1383 0.0000    1383 0.1141    1485 0.3503
608 1    1644 0.0000    1644 0.1136    1485 0.3198
609 1    596 0.0000    596 0.0991    1485 0.2940
610 1    596 0.0000    596 0.1120    1485 0.2975
611 1    394 0.0000    394 0.1093    476 0.3051
612 1    696 0.0000    696 0.1274    1485 0.3060
613 1    1644 0.0000    1644 0.1016    476 0.3302
614 1    668 0.0000    668 0.1162    476 0.3513
615 1    1383 0.0000    1383 0.0900    1485 0.3458
616 1    1383 0.0000    1383 0.1057    1485 0.3301
617 1    1644 0.0000    1644 0.1019    476 0.3105
618 1    1383 0.0000    1383 0.1084    1485 0.3589
619 1    702 0.0000    702 0.0972    476 0.3626
620 1    702 0.0000    702 0.1070    476 0.3080
621 1    702 0.0000    702 0.0890    476 0.3324
622 1    1383 0.0000    1383 0.0992    1485 0.3584
623 1    1383 0.0000    1383 0.1200    1485 0.3160
624 1    1383 0.0000    1383 0.1214    1485 0.3737
625 1    702 0.0000    702 0.0902    476 0.3295
626 1    392 0.0000    392 0.1196    1001 0.3720
627 1    392 0.0000    392 0.1115    1485 0.3824
628 1    392 0.0000    392 0.1293    1001 0.4007
629 1    696 0.0000    696 0.0983    476 0.2997
630 1    668 0.0000    668 0.0587    1001 0.3670
631 1    702 0.0000    702 0.1271    476 0.3524
632 1    696 0.0000    696 0.1088    1001 0.2709
633 1    205 0.0000    205 0.1073    1485 0.3645
634 1    696 0.0000    696 0.0719    1485 0.3006
635 1    1383 0.0000    1383 0.1015    1485 0.3476
636 1    392 0.0000    392 0.0898    1485 0.3410
637 1    392 0.0000    392 0.0887    1485 0.3496
638 1    143 0.0000    143 0.1043    205 0.3173
639 1    248 0.0000    248 0.1120    205 0.2646
640 1    696 0.0000    696 0.0972    1485 0.2583
641 1    392 0.0000    392 0.1067    1001 0.3055
642 1    696 0.0000    696 0.1038    1485 0.2494
643 1    1774 0.0000    1774 0.1174    668 0.2801
644 1    392 0.0000    392 0.1231    1485 0.3156
645 1    702 0.0000    702 0.1280    476 0.3290
646 1    696 0.0000    696 0.1140    476 0.2801
647 1    696 0.0000    696 0.1049    1485 0.2574
648 1    143 0.0000    143 0.1136    205 0.3182
649 1    696 0.0000    696 0.0939    1001 0.2935
650 1    702 0.0000    702 0.1011    476 0.2834
651 1    702 0.0000    702 0.0571    1001 0.3780
652 1    392 0.0000    392 0.1050    1001 0.3614
653 1    394 0.0000    394 0.1162    205 0.2647
654 1    394 0.0000    394 0.1230    205 0.2694
655 1    143 0.0000    143 0.1040    205 0.3298
656 1    143 0.0000    143 0.1120    205 0.3326
657 1    143 0.0000    143 0.1085    205 0.3198
658 1    596 0.0000    596 0.1173    205 0.3010
659 1    938 0.0000    938 0.1295    205 0.3020
660 1    1774 0.0000    1774 0.1222    205 0.2804
661 1    938 0.0000    938 0.1147    205 0.2953
662 1    1221 0.0000    1221 0.1267    1485 0.2692
663 1    596 0.0000    596 0.1136    205 0.2628
664 1    143 0.0000    143 0.1215    205 0.3186
665 1    1774 0.0000    1774 0.1274    476 0.2576
666 1    1774 0.0000    1774 0.1268    205 0.2565
667 1    668 0.1612    1383 0.1507    1485 0.3652
668 1    394 0.0000    394 0.1310    1485 0.2705
669 1    668 0.0000    668 0.1093    1485 0.3714
670 1    1383 0.0000    1383 0.1292    1485 0.3208
671 1    248 0.0000    248 0.1118    1485 0.2839
672 1    668 0.0000    668 0.1159    1485 0.3658
673 1    248 0.0000    248 0.1368    1485 0.3268
674 1    668 0.0000    668 0.1285    476 0.3542
675 1    1644 0.0000    1644 0.1063    476 0.2966
676 1    696 0.0000    696 0.1129    476 0.2872
677 1    596 0.0000    596 0.1093    205 0.2803
678 1    1774 0.0000    1774 0.1277    205 0.3208
679 1    596 0.0000    596 0.1340    205 0.3087
680 1    596 0.0000    596 0.0970    205 0.3017
681 1    596 0.0000    596 0.0818    205 0.3174
682 1    1774 0.0000    1774 0.1098    205 0.2690
683 1    1383 0.0000    1383 0.1062    1485 0.3406
684 1    1383 0.0000    1383 0.1178    1485 0.3218
685 1    668 0.0000    668 0.1070    1001 0.3640
686 1    668 0.0000    668 0.1055    1485 0.3613
687 1    702 0.0000    702 0.0907    1485 0.3567
688 1    668 0.0000    668 0.1151    1485 0.3924
689 1    1383 0.0000    1383 0.1120    1485 0.3282
690 1    1383 0.0000    1383 0.1145    1485 0.3443
691 1    668 0.0000    668 0.0910    1001 0.4082
692 1    1383 0.0000    1383 0.1081    1485 0.3514
693 1    696 0.0000    696 0.0827    205 0.2546
694 1    143 0.0000    143 0.1027    205 0.3706
695 1    696 0.1621    248 0.1504    476 0.2678
696 1    696 0.0000    696 0.0930    1485 0.3239
697 1    392 0.0000    392 0.1333    1485 0.3939
698 1    1644 0.0000    1644 0.1217    1485 0.3082
699 1    702 0.0000    702 0.1020    1485 0.3782
700 1    702 0.0000    702 0.1012    1485 0.3234
701 1    702 0.1630    392 0.1549    1001 0.3537
702 1    392 0.0000    392 0.0999    1485 0.3573
703 1    392 0.0000    392 0.1305    1485 0.3959
704 1    696 0.0000    696 0.0942    1485 0.2977
705 1    143 0.0000    143 0.1180    205 0.3356
706 1    696 0.0000    696 0.0957    1485 0.2615
707 1    1405 0.0000    1405 0.0931    143 0.3136
708 1    1774 0.0000    1774 0.1000    476 0.2500
709 1    1774 0.0000    1774 0.0967    668 0.2763
710 1    1405 0.0000    1405 0.0972    1485 0.2819
711 1    702 0.0000    702 0.0979    1001 0.3917
712 1    1383 0.0000    1383 0.1119    1485 0.3159
713 1    1383 0.0000    1383 0.1172    1485 0.3385
714 1    394 0.0000    394 0.1161    476 0.2652
715 1    1383 0.0000    1383 0.1014    1485 0.3555
716 1    392 0.0000    392 0.1210    1485 0.3496
717 1    696 0.0000    696 0.1243    1485 0.2946
718 1    702 0.0000    702 0.1292    476 0.3153
719 1    392 0.0000    392 0.1171    1485 0.3752
720 1    392 0.0000    392 0.1203    1485 0.3488
721 1    702 0.0000    702 0.1229    1485 0.3837
722 1    248 0.0000    248 0.1267    1485 0.2802
723 1    1221 0.0000    1221 0.1212    1485 0.2972
724 1    1774 0.0000    1774 0.1021    476 0.2588
725 1    1774 0.0000    1774 0.1035    205 0.2908
726 1    1774 0.0000    1774 0.0957    205 0.2940
727 1    696 0.0000    696 0.1231    476 0.2676
728 1    392 0.0000    392 0.1046    1001 0.3537
729 1    702 0.0000    702 0.1106    1001 0.3995
730 1    392 0.0000    392 0.1140    1485 0.3921
731 1    392 0.0000    392 0.0991    1485 0.3645
732 1    702 0.0000    702 0.1206    476 0.3296
733 1    394 0.0000    394 0.1188    1485 0.2940
734 1    394 0.0000    394 0.0987    1485 0.2501
735 1    394 0.0000    394 0.0888    1485 0.2870
736 1    394 0.0000    394 0.1040    205 0.2760
737 1    938 0.0000    938 0.1141    205 0.3094
738 1    1774 0.0000    1774 0.1062    205 0.3049
739 1    1774 0.0000    1774 0.0804    476 0.2647
740 1    394 0.0000    394 0.1174    476 0.2930
741 1    1774 0.0000    1774 0.0801    205 0.2788
742 1    1774 0.0000    1774 0.1180    476 0.2690
743 1    696 0.0000    696 0.1140    1485 0.2601
744 1    702 0.0000    702 0.1193    1485 0.3348
745 1    392 0.0000    392 0.0887    1001 0.3584
746 1    702 0.0000    702 0.0819    1001 0.3976
747 1    702 0.0000    702 0.0687    1001 0.3307
748 1    1644 0.0000    1644 0.1240    476 0.3316
749 1    702 0.0000    702 0.1105    476 0.3642
750 1    392 0.0000    392 0.1138    476 0.3702
751 1    702 0.0000    702 0.1055    476 0.3358
752 1    702 0.0000    702 0.0946    1001 0.3738
753 1    702 0.0000    702 0.0712    1001 0.3751
754 1    702 0.0000    702 0.1236    476 0.3791
755 1    702 0.0000    702 0.1140    1001 0.3767
756 1    702 0.0000    702 0.1280    476 0.3943
757 1    668 0.0000    668 0.1068    1001 0.3797
758 1    702 0.0000    702 0.1194    1001 0.4015
759 1    392 0.0000    392 0.0942    1485 0.3706
760 1    248 0.0000    248 0.1006    1485 0.2763
761 1    1383 0.0000    1383 0.1106    1485 0.3289
762 1    392 0.0000    392 0.1061    1485 0.3780
763 1    596 0.0000    596 0.1100    205 0.3049
764 1    143 0.0000    143 0.1193    205 0.3408
765 1    394 0.0000    394 0.0633    205 0.2681
766 1    248 0.0000    248 0.1023    205 0.2665
767 1    596 0.0000    596 0.1212    205 0.3006
768 1    248 0.0000    248 0.1259    205 0.2610
769 1    702 0.0000    702 0.1122    1485 0.3356
770 1    596 0.0000    596 0.1148    205 0.3002
771 1    248 0.0000    248 0.1075    1485 0.2948
772 1    1221 0.0000    1221 0.1110    1485 0.3022
773 1    596 0.0000    596 0.1092    205 0.2813
774 1    248 0.0000    248 0.1181    1485 0.2955
775 1    1774 0.0000    1774 0.1128    205 0.2649
776 1    1774 0.0000    1774 0.1280    1485 0.2742
777 1    1383 0.0000    1383 0.1208    1485 0.3362
778 1    1383 0.0000    1383 0.1153    1485 0.3280
779 1    696 0.0000    696 0.1236    1485 0.2985
780 1    1774 0.0000    1774 0.1131    1485 0.2612
781 1    392 0.0000    392 0.1102    1485 0.3265
782 1    1383 0.0000    1383 0.1049    1485 0.3234
783 1    1383 0.0000    1383 0.1188    1485 0.3227
784 1    1644 0.0000    1644 0.1087    476 0.3289
785 1    1383 0.0000    1383 0.1080    1485 0.3717
786 1    702 0.0000    702 0.1124    1001 0.3671
787 1    668 0.0000    668 0.1236    1485 0.3959
788 1    1383 0.0000    1383 0.1148    1001 0.3119
789 1    1383 0.0000    1383 0.1213    1485 0.3591
790 1    392 0.0000    392 0.1208    1485 0.4077
791 1    702 0.0000    702 0.1183    1001 0.3873
792 1    702 0.0000    702 0.1127    1001 0.3937
793 1    392 0.0000    392 0.1239    476 0.3737
794 1    392 0.0000    392 0.1162    1485 0.3454
795 1    668 0.0000    668 0.1246    143 0.4136
796 1    702 0.0000    702 0.1007    476 0.3799
797 1    702 0.0000    702 0.1080    1485 0.3833
798 1    702 0.0000    702 0.0975    1485 0.3657
799 1    702 0.0000    702 0.1211    1001 0.4129
800 1    702 0.0000    702 0.0917    1001 0.3902
801 1    392 0.0000    392 0.1214    1485 0.3432
802 1    702 0.0000    702 0.0892    143 0.3879
803 1    668 0.0000    668 0.1271    1485 0.4054
804 1    702 0.0000    702 0.0738    1001 0.3732
805 1    938 0.0000    938 0.1168    541 0.2703
806 1    1221 0.0000    1221 0.0992    541 0.2789
807 1    596 0.0000    596 0.1214    541 0.3059
808 1    218 0.0000    218 0.1100    541 0.2978
809 1    218 0.0000    218 0.1133    541 0.3119
810 1    1221 0.0000    1221 0.1079    541 0.2643
811 1    702 0.0000    702 0.1388    476 0.3171
812 1    541 0.0000    541 0.0772    143 0.3369
813 1    1774 0.0000    1774 0.1024    205 0.2654
814 1    1383 0.0000    1383 0.1210    1001 0.3409
815 1    1383 0.0000    1383 0.1396    1485 0.3135
816 1    218 0.0000    218 0.1329    1485 0.3149
817 1    596 0.0000    596 0.1123    205 0.3573
818 1    596 0.0000    596 0.1191    541 0.3178
819 1    596 0.0000    596 0.1128    541 0.3106
820 1    1221 0.0000    1221 0.1117    541 0.2670
821 1    596 0.0000    596 0.1181    541 0.3208
822 1    596 0.0000    596 0.1306    541 0.3086
823 1    218 0.0000    218 0.1386    541 0.3053
824 1    394 0.0000    394 0.1479    1485 0.3126
825 1    218 0.0000    218 0.1351    541 0.3104
826 1    394 0.0000    394 0.1182    541 0.2778
827 1    394 0.0000    394 0.1128    205 0.3030
828 1    596 0.0000    596 0.1094    541 0.2885
829 1    596 0.0000    596 0.1283    205 0.3182
830 1    1405 0.0000    1405 0.1189    1001 0.2868
831 1    1405 0.0000    1405 0.1315    1001 0.3011
832 1    1383 0.0000    1383 0.1238    1001 0.3390
833 1    1383 0.0000    1383 0.0692    1485 0.3433
834 1    1383 0.0000    1383 0.1228    1485 0.2834
835 1    1383 0.0000    1383 0.0790    1485 0.3437
836 1    392 0.0000    392 0.1125    1001 0.3696
837 1    392 0.0000    392 0.1141    1001 0.3562
838 1    1383 0.0000    1383 0.0951    1485 0.3271
839 1    248 0.0000    248 0.0945    1485 0.2880
840 1    1383 0.0000    1383 0.1126    1485 0.2888
841 1    1383 0.0000    1383 0.0905    1485 0.3128
842 1    1383 0.0000    1383 0.0942    1485 0.3187
843 1    596 0.0000    596 0.1085    1485 0.2954
844 1    1383 0.0000    1383 0.0976    1485 0.3059
845 1    1383 0.0000    1383 0.1021    1485 0.3178
846 1    1383 0.0000    1383 0.0892    1485 0.3413
847 1    1383 0.0000    1383 0.0693    1485 0.3558
848 1    392 0.0000    392 0.0970    1001 0.3312
849 1    248 0.0000    248 0.1001    1485 0.3002
850 1    248 0.0000    248 0.1120    1485 0.3073
851 1    143 0.0000    143 0.0902    205 0.3336
852 1    596 0.0000    596 0.1037    205 0.2898
853 1    1690 0.0000    1690 0.1113    1485 0.2977
854 1    392 0.0000    392 0.1179    1001 0.3920
855 1    1383 0.0000    1383 0.1088    1485 0.3062
856 1    248 0.0000    248 0.0998    1485 0.2657
857 1    392 0.0000    392 0.0943    1001 0.3226
858 1    596 0.0000    596 0.1126    205 0.2813
859 1    143 0.0000    143 0.0708    205 0.3576
860 1    938 0.0000    938 0.1093    205 0.2896
861 1    596 0.0000    596 0.1331    205 0.3331
862 1    596 0.0000    596 0.1188    205 0.3079
863 1    1774 0.0000    1774 0.1052    205 0.2875
864 1    1774 0.0000    1774 0.1109    476 0.2654
865 1    1774 0.0000    1774 0.1085    205 0.2659
866 1    702 0.0000    702 0.1174    476 0.3236
867 1    392 0.0000    392 0.1162    1485 0.4014
868 1    938 0.0000    938 0.1034    668 0.2760
869 1    1001 0.0000    1001 0.0863    205 0.3625
870 1    1001 0.0000    1001 0.0806    205 0.3329
871 1    1001 0.0000    1001 0.0789    205 0.3614
872 1    1001 0.0000    1001 0.1116    205 0.3806
873 1    544 0.0000    544 0.0793    668 0.2794
874 1    544 0.0000    544 0.0869    1644 0.2922
875 1    541 0.0000    541 0.1140    1001 0.2798
876 1    1600 0.0000    1600 0.1232    205 0.2998
877 1    544 0.0000    544 0.1181    668 0.2734
878 1    541 0.0000    541 0.1100    1001 0.3188
879 1    392 0.0000    392 0.1226    1485 0.3573
880 1    205 0.0000    205 0.0915    143 0.3803
881 1    1405 0.0000    1405 0.1058    1485 0.3290
882 1    1405 0.0000    1405 0.1091    1485 0.3012
883 1    1690 0.0000    1690 0.0988    1485 0.2798
884 1    476 0.0000    476 0.0927    668 0.3194
885 1    938 0.0000    938 0.0957    668 0.3043
886 1    938 0.0000    938 0.0741    668 0.3105
887 1    938 0.0000    938 0.1137    668 0.3479
888 1    938 0.0000    938 0.0885    668 0.2853
889 1    938 0.0000    938 0.1101    668 0.2757
890 1    938 0.0000    938 0.1206    668 0.2539
891 1    938 0.0000    938 0.0965    668 0.2934
892 1    476 0.0000    476 0.0757    668 0.3270
893 1    938 0.0000    938 0.1014    1644 0.2589
894 1    1690 0.0000    1690 0.1050    668 0.2605
895 1    938 0.0000    938 0.1201    1644 0.2578
896 1    476 0.0000    476 0.0953    668 0.3035
897 1    476 0.0000    476 0.0837    668 0.3204
898 1    218 0.0000    218 0.0923    541 0.2896
899 1    476 0.0000    476 0.0781    668 0.3176
900 1    938 0.0000    938 0.1038    668 0.2840
901 1    938 0.0000    938 0.0853    668 0.2756
902 1    938 0.0000    938 0.0855    668 0.2821
903 1    938 0.0000    938 0.0841    205 0.2805
904 1    938 0.0000    938 0.0770    668 0.2652
905 1    218 0.0000    218 0.1006    541 0.2831
906 1    938 0.0000    938 0.0548    668 0.2917
907 1    938 0.0000    938 0.0875    668 0.2953
908 1    938 0.0000    938 0.0849    668 0.3040
909 1    476 0.0000    476 0.0844    702 0.3138
910 1    476 0.0000    476 0.0820    668 0.3134
911 1    938 0.0000    938 0.0576    668 0.2761
912 1    938 0.0000    938 0.0932    668 0.2562
913 1    938 0.0000    938 0.0947    668 0.2800
914 1    938 0.0000    938 0.1043    668 0.2756
915 1    476 0.0000    476 0.0866    668 0.3091
916 1    938 0.0000    938 0.1197    1644 0.2699
917 1    938 0.0000    938 0.1158    668 0.2733
918 1    938 0.0000    938 0.0926    668 0.2979
919 1    476 0.0000    476 0.0973    668 0.3005
920 1    476 0.0000    476 0.0828    668 0.3152
921 1    938 0.0000    938 0.0862    668 0.2894
922 1    938 0.0000    938 0.0413    668 0.2850
923 1    938 0.0000    938 0.0611    668 0.2768
924 1    938 0.0000    938 0.0786    668 0.2759
925 1    938 0.0000    938 0.0544    668 0.2958
926 1    938 0.0000    938 0.0945    1644 0.2802
927 1    218 0.0000    218 0.0968    702 0.2897
928 1    938 0.0000    938 0.0667    668 0.3027
929 1    938 0.0000    938 0.0589    668 0.2748
930 1    938 0.0000    938 0.0629    668 0.2823
931 1    938 0.0000    938 0.0493    668 0.2908
932 1    938 0.0000    938 0.0918    668 0.2822
933 1    938 0.0000    938 0.0785    668 0.3055
934 1    938 0.0000    938 0.0943    1644 0.2746
935 1    938 0.0000    938 0.0695    668 0.2693
936 1    938 0.0000    938 0.0765    668 0.2726
937 1    938 0.1500    1001 0.1500    668 0.2975
938 1    938 0.0000    938 0.0779    668 0.3103
939 1    938 0.0000    938 0.0621    668 0.2824
940 1    544 0.0000    544 0.1159    668 0.2662
941 1    938 0.0000    938 0.0858    668 0.2852
942 1    938 0.0000    938 0.0827    668 0.2925
943 1    476 0.0000    476 0.0690    668 0.3271
944 1    938 0.0000    938 0.0707    668 0.3092
945 1    476 0.0000    476 0.0892    668 0.3775
946 1    476 0.0000    476 0.1187    205 0.3922
947 1    938 0.0000    938 0.0700    668 0.3324
948 1    938 0.0000    938 0.0648    668 0.3003
949 1    938 0.0000    938 0.0992    668 0.2748
950 1    476 0.0000    476 0.0963    668 0.2966
951 1    476 0.0000    476 0.1096    668 0.2849
952 1    476 0.0000    476 0.1127    1644 0.2892
953 1    476 0.0000    476 0.0972    668 0.3001
954 1    938 0.0000    938 0.0962    668 0.2778
955 1    938 0.0000    938 0.0512    668 0.2780
956 1    1690 0.0000    1690 0.1067    1485 0.3057
957 1    938 0.0000    938 0.0780    668 0.2798
958 1    938 0.0000    938 0.0816    1644 0.2706
959 1    938 0.0000    938 0.0705    668 0.2945
960 1    218 0.0000    218 0.1097    541 0.2812
961 1    938 0.0000    938 0.0969    668 0.2949
962 1    938 0.0000    938 0.0968    1644 0.2757
963 1    938 0.0000    938 0.0452    668 0.3008
964 1    938 0.0000    938 0.0504    668 0.2969
965 1    938 0.0000    938 0.0852    668 0.2783
966 1    938 0.0000    938 0.0908    205 0.2918
967 1    938 0.0000    938 0.0736    668 0.2898
968 1    1690 0.0000    1690 0.0972    1644 0.2648
969 1    938 0.0000    938 0.0821    668 0.2840
970 1    938 0.0000    938 0.0852    668 0.2741
971 1    938 0.0000    938 0.1238    668 0.2773
972 1    938 0.0000    938 0.0745    668 0.2799
973 1    696 0.0000    696 0.1062    1485 0.2754
974 1    938 0.0000    938 0.0833    668 0.2886
975 1    938 0.0000    938 0.0799    668 0.2966
976 1    938 0.0000    938 0.0815    1644 0.2818
977 1    938 0.0000    938 0.0882    668 0.2724
978 1    938 0.0000    938 0.0753    205 0.3063
979 1    938 0.0000    938 0.0438    668 0.2805
980 1    938 0.0000    938 0.0631    668 0.2713
981 1    938 0.0000    938 0.0701    668 0.2805
982 1    938 0.0000    938 0.0883    668 0.2734
983 1    938 0.0000    938 0.0995    1644 0.2670
984 1    938 0.0000    938 0.0989    668 0.2730
985 1    938 0.0000    938 0.1092    668 0.2666
986 1    938 0.0000    938 0.0581    668 0.2716
987 1    938 0.0000    938 0.0823    668 0.2801
988 1    938 0.0000    938 0.0758    668 0.2987
989 1    938 0.0000    938 0.0758    668 0.2759
990 1    1690 0.0000    1690 0.1069    541 0.2795
991 1    938 0.0000    938 0.0859    668 0.2821
992 1    938 0.0000    938 0.0552    668 0.2878
993 1    938 0.0000    938 0.0662    668 0.2913
994 1    938 0.0000    938 0.0686    668 0.2726
995 1    938 0.0000    938 0.0876    668 0.2919
996 1    938 0.0000    938 0.0904    668 0.2941
997 1    938 0.0000    938 0.1057    668 0.2754
998 1    394 0.0000    394 0.0873    1485 0.2729
999 1    596 0.0000    596 0.0815    541 0.2705
1000 2    1001 0.0000    938 0.1500    205 0.3607
1001 2    476 0.0000    476 0.1261    702 0.3825
1002 2    218 0.0000    218 0.1146    702 0.3685
1003 2    476 0.0000    476 0.1363    702 0.3967
1004 2    218 0.0000    218 0.1179    702 0.3650
1005 2    218 0.0000    218 0.1196    702 0.3654
1006 2    218 0.0000    218 0.1098    702 0.3459
1007 2    218 0.0000    218 0.1054    702 0.3446
1008 2    218 0.0000    218 0.0908    702 0.3308
1009 2    218 0.0000    218 0.1397    702 0.3875
1010 2    218 0.0000    218 0.0931    702 0.3234
1011 2    218 0.0000    218 0.1031    702 0.3304
1012 2    1690 0.0000    1690 0.0936    1485 0.3091
1013 2    218 0.0000    218 0.1171    541 0.3388
1014 2    218 0.0000    218 0.1210    702 0.3836
1015 2    218 0.0000    218 0.0872    541 0.3393
1016 2    218 0.0000    218 0.0972    702 0.3385
1017 2    218 0.0000    218 0.1200    702 0.3879
1018 2    218 0.0000    218 0.0936    702 0.3187
1019 2    218 0.0000    218 0.1094    702 0.3554
1020 2    218 0.0000    218 0.0972    702 0.3517
1021 2    218 0.0000    218 0.0882    541 0.3546
1022 2    218 0.0000    218 0.0841    541 0.3431
1023 2    218 0.0000    218 0.0935    702 0.3274
1024 2    218 0.0000    218 0.0987    702 0.3441
1025 2    218 0.0000    218 0.1072    702 0.3647
1026 2    218 0.0000    218 0.1053    702 0.3698
1027 2    218 0.0000    218 0.1085    541 0.3402
1028 2    218 0.0000    218 0.1063    205 0.3464
1029 2    218 0.0000    218 0.1026    702 0.3593
1030 2    218 0.0000    218 0.1113    702 0.3672
1031 2    218 0.0000    218 0.1017    702 0.3656
1032 2    218 0.0000    218 0.1075    702 0.3805
1033 2    218 0.0000    218 0.1047    702 0.3696
1034 2    218 0.0000    218 0.1088    702 0.3694
1035 2    218 0.0000    218 0.1048    702 0.3697
1036 2    218 0.0000    218 0.1040    702 0.3737
1037 2    218 0.0000    218 0.1107    702 0.3689
1038 2    476 0.0000    476 0.1059    702 0.3566
1039 2    218 0.0000    218 0.1090    702 0.3550
1040 2    1001 0.0000    1001 0.1056    702 0.3557
1041 2    1001 0.0000    1001 0.1007    702 0.3972
1042 2    1001 0.0000    1001 0.0739    702 0.3848
1043 2    1001 0.0000    1001 0.0815    702 0.3614
1044 2    476 0.0000    476 0.0977    702 0.3185
1045 2    218 0.0000    218 0.0860    702 0.3362
1046 2    218 0.0000    218 0.1055    702 0.3578
1047 2    218 0.0000    218 0.1042    702 0.3736
1048 2    218 0.0000    218 0.1215    702 0.3878
1049 2    218 0.0000    218 0.1005    541 0.3403
1050 2    218 0.0000    218 0.1231    702 0.3785
1051 2    218 0.0000    218 0.0916    541 0.3459
1052 2    218 0.0000    218 0.1151    702 0.3632
1053 2    218 0.0000    218 0.1007    702 0.3498
1054 2    218 0.0000    218 0.1165    702 0.3609
1055 2    1690 0.0000    1690 0.1126    702 0.3026
1056 2    1690 0.0000    1690 0.1035    702 0.2907
1057 2    1690 0.0000    1690 0.0921    1485 0.2707
1058 2    1690 0.0000    1690 0.0910    1485 0.2664
1059 2    1690 0.0000    1690 0.1111    668 0.2753
1060 2    205 0.0000    205 0.1272    1485 0.3103
1061 2    1690 0.0000    1690 0.0840    1485 0.2847
1062 2    1690 0.0000    1690 0.1021    1485 0.2944
1063 2    394 0.0000    394 0.1030    1485 0.3068
1064 2    1690 0.0000    1690 0.1091    1485 0.3093
1065 2    1690 0.0000    1690 0.1022    1485 0.3218
1066 2    218 0.0000    218 0.1007    702 0.3026
1067 2    218 0.0000    218 0.0987    541 0.3035
1068 2    1690 0.0000    1690 0.0781    1485 0.3404
1069 2    218 0.0000    218 0.1076    541 0.3134
1070 2    1001 0.0000    1001 0.1087    702 0.3535
1071 2    218 0.0000    218 0.0683    541 0.2946
1072 2    218 0.0000    218 0.0679    702 0.3109
1073 2    218 0.0000    218 0.0481    541 0.3321
1074 2    218 0.0000    218 0.0590    541 0.3219
1075 2    218 0.0000    218 0.0780    702 0.3368
1076 2    218 0.0000    218 0.0697    702 0.3219
1077 2    218 0.0000    218 0.0646    541 0.3273
1078 2    476 0.0000    476 0.1009    668 0.3351
1079 2    476 0.0000    476 0.1105    1644 0.2998
1080 2    476 0.0000    476 0.0788    668 0.3570
1081 2    476 0.0000    476 0.0634    668 0.3505
1082 2    476 0.0000    476 0.0774    668 0.3571
1083 2    476 0.0000    476 0.0572    668 0.3661
1084 2    476 0.0000    476 0.0526    668 0.3712
1085 2    476 0.0000    476 0.0507    702 0.3626
1086 2    476 0.0000    476 0.0396    668 0.3651
1087 2    476 0.0000    476 0.0462    668 0.3747
1088 2    476 0.0000    476 0.1129    205 0.3512
1089 2    476 0.0000    476 0.0999    668 0.3839
1090 2    476 0.0000    476 0.1168    205 0.3767
1091 2    476 0.0000    476 0.1227    205 0.3890
1092 2    476 0.0000    476 0.0704    668 0.3577
1093 2    476 0.0000    476 0.0906    668 0.3902
1094 2    476 0.0000    476 0.1024    205 0.3802
1095 2    476 0.0000    476 0.1110    205 0.3761
1096 2    938 0.0000    938 0.1161    205 0.2943
1097 2    218 0.0000    218 0.1167    702 0.2981
1098 2    476 0.0000    476 0.1151    702 0.3368
1099 2    544 0.0000    544 0.0910    668 0.3195
1100 2    696 0.0000    696 0.1250    1644 0.2477
1101 2    938 0.0000    938 0.0858    668 0.2920
1102 2    476 0.0000    476 0.0834    668 0.3163
1103 2    938 0.0000    938 0.0977    541 0.2765
1104 2    938 0.0000    938 0.0562    668 0.2738
1105 2    938 0.0000    938 0.0693    668 0.2741
1106 2    938 0.0000    938 0.0574    668 0.2965
1107 2    1690 0.0000    1690 0.0925    1485 0.2915
1108 2    1690 0.0000    1690 0.1036    1485 0.3103
1109 2    938 0.0000    938 0.1011    668 0.2903
1110 2    938 0.0000    938 0.1003    541 0.2796
1111 2    938 0.0000    938 0.0676    668 0.2724
1112 2    938 0.0000    938 0.0753    668 0.2713
1113 2    938 0.0000    938 0.0758    668 0.2914
1114 2    938 0.0000    938 0.0492    668 0.2900
1115 2    476 0.0000    476 0.1012    702 0.3065
1116 2    938 0.0000    938 0.0684    668 0.2898
1117 2    938 0.0000    938 0.0968    541 0.2599
1118 2    218 0.0000    218 0.0989    541 0.2841
1119 2    938 0.0000    938 0.0952    668 0.2745
1120 2    938 0.0000    938 0.0985    668 0.2927
1121 2    476 0.0000    476 0.0930    668 0.3083
1122 2    476 0.0000    476 0.0997    668 0.2989
1123 2    476 0.0000    476 0.0840    668 0.3072
1124 2    1690 0.0000    1690 0.1058    668 0.2700
1125 2    938 0.0000    938 0.0930    668 0.2636
1126 2    476 0.0000    476 0.0927    668 0.3100
1127 2    476 0.0000    476 0.0794    668 0.3124
1128 2    938 0.0000    938 0.0871    668 0.2683
1129 2    476 0.0000    476 0.0768    668 0.3268
1130 2    938 0.0000    938 0.0565    668 0.2979
1131 2    938 0.0000    938 0.0812    668 0.2987
1132 2    938 0.0000    938 0.0705    668 0.2740
1133 2    476 0.0000    476 0.1026    668 0.3147
1134 2    938 0.0000    938 0.0965    205 0.3272
1135 2    938 0.0000    938 0.0912    668 0.3039
1136 2    1690 0.0000    1690 0.0912    1485 0.3113
1137 2    1690 0.0000    1690 0.1325    143 0.2994
1138 2    1690 0.0000    1690 0.1112    143 0.3017
1139 2    1690 0.0000    1690 0.0934    1485 0.3316
1140 2    1690 0.0000    1690 0.0915    1485 0.2826
1141 2    218 0.0000    218 0.0938    702 0.3392
1142 2    218 0.0000    218 0.0954    205 0.3311
1143 2    218 0.0000    218 0.1027    702 0.3527
1144 2    218 0.0000    218 0.1094    702 0.3526
1145 2    218 0.0000    218 0.1134    702 0.3176
1146 2    218 0.0000    218 0.1113    702 0.3407
1147 2    218 0.0000    218 0.0916    702 0.3367
1148 2    218 0.0000    218 0.0950    702 0.3367
1149 2    218 0.0000    218 0.1065    702 0.3566
1150 2    218 0.0000    218 0.0959    702 0.3236
1151 2    218 0.0000    218 0.1057    702 0.3389
1152 2    476 0.0000    476 0.1256    702 0.3884
1153 2    476 0.0000    476 0.1199    702 0.3844
1154 2    218 0.0000    218 0.1009    702 0.3360
1155 2    218 0.0000    218 0.1203    702 0.3671
1156 2    218 0.0000    218 0.0997    702 0.3445
1157 2    218 0.0000    218 0.1042    702 0.3552
1158 2    218 0.0000    218 0.1142    702 0.3589
1159 2    218 0.0000    218 0.1211    702 0.3644
1160 2    218 0.0000    218 0.1120    702 0.3596
1161 2    218 0.0000    218 0.1244    702 0.3715
1162 2    476 0.0000    476 0.1278    702 0.3908
1163 2    218 0.0000    218 0.1128    702 0.3467
1164 2    476 0.0000    476 0.1256    702 0.3947
1165 2    476 0.0000    476 0.1168    702 0.3769
1166 2    218 0.0000    218 0.0996    702 0.3489
1167 2    218 0.0000    218 0.1084    702 0.3479
1168 2    218 0.0000    218 0.1062    702 0.3556
1169 2    476 0.0000    476 0.1417    702 0.3989
1170 2    218 0.0000    218 0.1141    702 0.3617
1171 2    218 0.0000    218 0.1098    702 0.3577
1172 2    218 0.0000    218 0.1278    702 0.3786
1173 2    218 0.0000    218 0.1265    702 0.3799
1174 2    218 0.0000    218 0.1220    702 0.3624
1175 2    218 0.0000    218 0.1058    702 0.3638
1176 2    476 0.0000    476 0.1319    702 0.3954
1177 2    476 0.0000    476 0.1240    702 0.3884
1178 2    476 0.0000    476 0.1299    702 0.3922
1179 2    218 0.0000    218 0.1293    702 0.3799
1180 2    218 0.0000    218 0.1158    702 0.3657
1181 2    218 0.0000    218 0.0915    702 0.3199
1182 2    218 0.0000    218 0.1068    702 0.3648
1183 2    218 0.0000    218 0.1112    702 0.3609
1184 2    218 0.0000    218 0.1225    702 0.3962
1185 2    218 0.0000    218 0.0920    205 0.3069
1186 2    218 0.0000    218 0.0988    702 0.2958
1187 2    1690 0.0000    1690 0.1089    1644 0.2795
1188 2    1001 0.0000    1001 0.1099    668 0.3260
1189 2    1690 0.0000    1690 0.1028    1485 0.2710
1190 2    938 0.0000    938 0.0984    668 0.3052
1191 2    938 0.0000    938 0.0994    668 0.2759
1192 2    938 0.0000    938 0.0746    668 0.3060
1193 2    938 0.0000    938 0.0932    668 0.2519
1194 2    938 0.0000    938 0.0581    668 0.2749
1195 2    938 0.0000    938 0.0930    668 0.2774
1196 2    938 0.0000    938 0.0416    668 0.2919
1197 2    938 0.0000    938 0.0856    668 0.2723
1198 2    938 0.0000    938 0.0901    1644 0.2670
1199 2    1690 0.0000    1690 0.0999    668 0.2717
1200 2    938 0.0000    938 0.0996    668 0.2683
1201 2    938 0.0000    938 0.1046    1485 0.2555
1202 2    938 0.0000    938 0.1091    1644 0.2715
1203 2    938 0.0000    938 0.0675    668 0.2888
1204 2    1001 0.0000    1001 0.1116    668 0.3256
1205 2    476 0.0000    476 0.1098    668 0.3269
1206 2    1001 0.0000    1001 0.1084    668 0.3412
1207 2    938 0.0000    938 0.0893    668 0.2959
1208 2    1690 0.0000    1690 0.1258    1485 0.3176
1209 2    702 0.0000    702 0.1211    1001 0.3632
1210 2    541 0.0000    541 0.1084    476 0.3045
1211 2    938 0.0000    938 0.0963    668 0.3387
1212 2    476 0.0000    476 0.1078    205 0.3628
1213 2    1001 0.0000    1001 0.1018    205 0.3159
1214 2    1221 0.0000    1221 0.1039    541 0.2842
1215 2    596 0.0000    596 0.1120    541 0.3110
1216 2    218 0.0000    218 0.1189    541 0.2715
1217 2    938 0.0000    938 0.0919    205 0.3226
1218 2    1001 0.0000    1001 0.0689    205 0.3631
1219 2    1001 0.0000    1001 0.1028    205 0.3365
1220 2    1221 0.1656    1690 0.1501    1485 0.2830
1221 2    1405 0.0000    1405 0.1231    143 0.3274
1222 2    1690 0.0000    1690 0.1183    1644 0.2868
1223 2    1690 0.0000    1690 0.1244    143 0.3089
1224 2    205 0.0000    205 0.1242    1001 0.3234
1225 2    205 0.0000    205 0.1074    1001 0.3538
1226 2    1405 0.0000    1405 0.1152    143 0.3274
1227 2    1690 0.0000    1690 0.1174    1644 0.2752
1228 2    541 0.0000    541 0.1252    143 0.3367
1229 2    1644 0.0000    1644 0.1190    1001 0.3330
1230 2    1690 0.0000    1690 0.0745    1485 0.2815
1231 2    205 0.0000    205 0.0955    1485 0.3663
1232 2    205 0.0000    205 0.1175    1001 0.3472
1233 2    1383 0.0000    1383 0.1026    1485 0.3415
1234 2    1405 0.0000    1405 0.1041    1485 0.3031
1235 2    1383 0.0000    1383 0.1179    1485 0.3203
1236 2    1383 0.0000    1383 0.1011    1485 0.3292
1237 2    1690 0.0000    1690 0.1117    143 0.3048
1238 2    205 0.0000    205 0.1188    1001 0.3304
1239 2    205 0.0000    205 0.1172    143 0.3433
1240 2    205 0.0000    205 0.1072    143 0.3489
1241 2    1690 0.0000    1690 0.1115    1485 0.3151
1242 2    1383 0.0000    1383 0.1051    1485 0.3277
1243 2    1690 0.0000    1690 0.1068    1485 0.2983
1244 2    1383 0.0000    1383 0.0979    1485 0.3418
1245 2    1405 0.0000    1405 0.1273    1485 0.3069
1246 2    702 0.0000    702 0.1175    1001 0.3422
1247 2    1774 0.0000    1774 0.0944    668 0.2702
1248 2    1600 0.0000    1600 0.1113    668 0.3087
1249 2    1774 0.0000    1774 0.0930    668 0.2988
1250 2    1774 0.0000    1774 0.0910    668 0.2863
1251 2    1485 0.0000    1485 0.1074    668 0.3929
1252 2    1001 0.0000    1001 0.1226    668 0.3824
1253 2    1001 0.0000    1001 0.1169    668 0.3767
1254 2    1001 0.0000    1001 0.0977    668 0.3205
1255 2    938 0.0000    938 0.1199    668 0.2909
1256 2    938 0.0000    938 0.1030    668 0.2989
1257 2    1001 0.0000    1001 0.1005    668 0.3171
1258 2    1001 0.0000    1001 0.0964    668 0.3227
1259 2    938 0.0000    938 0.1134    1485 0.2509
1260 2    938 0.0000    938 0.1103    205 0.2731
1261 2    938 0.0000    938 0.0909    205 0.3303
1262 2    938 0.0000    938 0.0807    205 0.2818
1263 2    394 0.0000    394 0.1216    1485 0.3123
1264 2    1690 0.0000    1690 0.1008    1485 0.2985
1265 2    1405 0.0000    1405 0.1281    1001 0.3005
1266 2    544 0.0000    544 0.1272    596 0.2668
1267 2    541 0.0000    541 0.0948    218 0.2852
1268 2    541 0.0000    541 0.1361    218 0.2818
1269 2    1221 0.0000    1221 0.1084    1485 0.2866
1270 2    1405 0.0000    1405 0.1143    1001 0.3095
1271 2    1600 0.0000    1600 0.1001    668 0.3398
1272 2    476 0.0000    476 0.1068    668 0.3298
1273 2    476 0.0000    476 0.0881    668 0.3291
1274 2    476 0.0000    476 0.0793    668 0.3300
1275 2    476 0.0000    476 0.0935    668 0.3136
1276 2    476 0.0000    476 0.0738    668 0.3491
1277 2    476 0.0000    476 0.0917    668 0.3371
1278 2    476 0.0000    476 0.1010    668 0.3305
1279 2    476 0.0000    476 0.1222    668 0.3739
1280 2    476 0.0000    476 0.0915    668 0.3184
1281 2    476 0.0000    476 0.0878    668 0.3312
1282 2    476 0.0000    476 0.0636    668 0.3565
1283 2    476 0.0000    476 0.0911    668 0.3699
1284 2    476 0.0000    476 0.0927    668 0.3750
1285 2    476 0.0000    476 0.1010    668 0.3440
1286 2    476 0.0000    476 0.0967    668 0.3413
1287 2    476 0.0000    476 0.1047    668 0.3501
1288 2    544 0.0000    544 0.1017    668 0.3219
1289 2    476 0.0000    476 0.1238    668 0.3647
1290 2    476 0.0000    476 0.1185    668 0.3096
1291 2    1001 0.0000    1001 0.1019    668 0.3685
1292 2    1600 0.0000    1600 0.1166    668 0.3219
1293 2    541 0.0000    541 0.1018    1001 0.3003
1294 2    544 0.0000    544 0.1051    668 0.3153
1295 2    544 0.0000    544 0.1139    668 0.3098
1296 2    544 0.0000    544 0.1047    668 0.2968
1297 2    544 0.0000    544 0.0699    668 0.3027
1298 2    1600 0.0000    1600 0.1272    668 0.3286
1299 2    544 0.0000    544 0.1110    668 0.3236
1300 2    1600 0.0000    1600 0.1179    668 0.3394
1301 2    476 0.0000    476 0.0771    668 0.3563
1302 2    1600 0.0000    1600 0.0902    205 0.3455
1303 2    476 0.0000    476 0.0884    1644 0.3143
1304 2    1405 0.0000    1405 0.0968    1001 0.3060
1305 2    1405 0.0000    1405 0.1028    1001 0.2840
1306 2    248 0.0000    248 0.1164    1485 0.2695
1307 2    544 0.0000    544 0.1254    1644 0.2690
1308 2    938 0.0000    938 0.1275    1644 0.3226
1309 2    476 0.0000    476 0.0724    668 0.3353
1310 2    544 0.0000    544 0.1180    1644 0.3220
1311 2    205 0.0000    205 0.1205    143 0.3463
1312 2    205 0.0000    205 0.1152    1485 0.3292
1313 2    205 0.0000    205 0.1101    143 0.3523
1314 2    1405 0.0000    1405 0.1249    143 0.2851
1315 2    1405 0.0000    1405 0.1115    143 0.3003
1316 2    205 0.0000    205 0.1222    143 0.3238
1317 2    1405 0.0000    1405 0.1059    143 0.2854
1318 2    1690 0.0000    1690 0.0788    1485 0.2943
1319 2    1690 0.0000    1690 0.1134    1485 0.3280
1320 2    392 0.0000    392 0.1189    143 0.3463
1321 2    1383 0.0000    1383 0.1107    1485 0.3429
1322 2    392 0.0000    392 0.1032    1485 0.3528
1323 2    205 0.0000    205 0.1013    143 0.3803
1324 2    696 0.0000    696 0.1067    1485 0.3100
1325 2    668 0.0000    668 0.1093    1485 0.3862
1326 2    702 0.0000    702 0.0747    476 0.3467
1327 2    392 0.0000    392 0.0947    1485 0.3656
1328 2    392 0.0000    392 0.1152    1485 0.3658
1329 2    702 0.0000    702 0.1255    1001 0.4096
1330 2    1600 0.0000    1600 0.0962    668 0.3189
1331 2    1774 0.0000    1774 0.0971    476 0.2695
1332 2    1774 0.0000    1774 0.0979    668 0.3143
1333 2    1774 0.0000    1774 0.0992    205 0.3335
1334 2    1001 0.0000    1001 0.1240    668 0.3840
1335 2    1600 0.0000    1600 0.1177    668 0.3104
1336 2    476 0.0000    476 0.0636    668 0.3560
1337 2    544 0.0000    544 0.0455    668 0.2831
1338 2    541 0.0000    541 0.0847    143 0.2893
1339 2    541 0.0000    541 0.0750    218 0.2801
1340 2    1600 0.0000    1600 0.1130    668 0.3342
1341 2    476 0.0000    476 0.0722    668 0.3673
1342 2    476 0.0000    476 0.0849    668 0.3506
1343 2    544 0.0000    544 0.1041    1644 0.3111
1344 2    476 0.0000    476 0.0711    668 0.3469
1345 2    544 0.0000    544 0.1081    1644 0.2997
1346 2    476 0.0000    476 0.0970    668 0.3227
1347 2    476 0.0000    476 0.0799    668 0.3258
1348 2    476 0.0000    476 0.0584    668 0.3576
1349 2    544 0.0000    544 0.0650    668 0.2915
1350 2    1405 0.0000    1405 0.0983    1001 0.3087
1351 2    1405 0.0000    1405 0.1214    1485 0.3463
1352 2    205 0.0000    205 0.1190    143 0.3671
1353 2    541 0.0000    541 0.0851    1001 0.3202
1354 2    541 0.0000    541 0.1028    1001 0.3643
1355 2    205 0.0000    205 0.1173    143 0.3788
1356 2    1644 0.0000    1644 0.1082    1001 0.3072
1357 2    1774 0.0000    1774 0.1386    476 0.2735
1358 2    541 0.0000    541 0.1366    476 0.2674
1359 2    1774 0.0000    1774 0.1297    1690 0.2623
1360 2    541 0.0000    541 0.0882    1001 0.3615
1361 2    205 0.0000    205 0.1178    1001 0.4045
1362 2    702 0.0000    702 0.1049    1485 0.3925
1363 2    702 0.0000    702 0.0728    1001 0.3616
1364 2    205 0.0000    205 0.1183    1001 0.3699
1365 2    702 0.0000    702 0.0716    1001 0.3736
1366 2    702 0.0000    702 0.0994    1001 0.3595
1367 2    702 0.0000    702 0.0834    1001 0.3687
1368 2    702 0.0000    702 0.0915    1001 0.3518
1369 2    668 0.0000    668 0.1390    476 0.4058
1370 2    248 0.0000    248 0.1059    1485 0.2987
1371 2    668 0.0000    668 0.1005    1485 0.3592
1372 2    668 0.0000    668 0.1012    1001 0.3485
1373 2    668 0.0000    668 0.1331    1485 0.3566
1374 2    668 0.0000    668 0.1016    1485 0.4133
1375 2    1405 0.0000    1405 0.1039    1485 0.3235
1376 2    392 0.0000    392 0.1043    1001 0.3706
1377 2    1383 0.0000    1383 0.1114    1485 0.3650
1378 2    1405 0.0000    1405 0.1305    1485 0.3745
1379 2    1383 0.0000    1383 0.0976    1485 0.3375
1380 2    702 0.0000    702 0.0936    1001 0.3456
1381 2    248 0.0000    248 0.0947    205 0.2644
1382 2    1383 0.1602    668 0.1507    1485 0.3453
1383 2    248 0.0000    248 0.0887    1485 0.2996
1384 2    702 0.0000    702 0.1424    1485 0.4374
1385 2    702 0.0000    702 0.0986    476 0.3598
1386 2    394 0.0000    394 0.0979    1485 0.2991
1387 2    668 0.0000    668 0.0861    1485 0.3666
1388 2    1383 0.0000    1383 0.1093    1485 0.3289
1389 2    1644 0.0000    1644 0.0778    476 0.3105
1390 2    1644 0.0000    1644 0.1240    476 0.2819
1391 2    1644 0.0000    1644 0.1216    476 0.3106
1392 2    248 0.0000    248 0.1114    1485 0.3087
1393 2    248 0.0000    248 0.1231    205 0.2790
1394 2    1383 0.0000    1383 0.1082    1485 0.3139
1395 2    248 0.0000    248 0.0907    1485 0.3007
1396 2    248 0.0000    248 0.1079    205 0.2999
1397 2    668 0.0000    668 0.1327    1485 0.4318
1398 2    702 0.0000    702 0.1151    1001 0.3715
1399 2    392 0.0000    392 0.1286    1001 0.3864
1400 2    1383 0.0000    1383 0.1138    1485 0.3251
1401 2    1221 0.0000    1221 0.0931    1485 0.3355
1402 2    1405 0.0000    1405 0.1028    1485 0.2892
1403 2    1405 0.0000    1405 0.1384    1485 0.3736
1404 2    1405 0.1641    392 0.1511    1001 0.3104
1405 2    1221 0.0000    1221 0.1318    476 0.3157
1406 2    394 0.0000    394 0.1234    1485 0.2914
1407 2    1690 0.0000    1690 0.1373    1485 0.3048
1408 2    1690 0.0000    1690 0.1150    1485 0.2967
1409 2    205 0.0000    205 0.1244    1485 0.3215
1410 2    1690 0.0000    1690 0.0972    1485 0.3000
1411 2    938 0.0000    938 0.0781    668 0.3149
1412 2    938 0.0000    938 0.0755    668 0.2877
1413 2    938 0.0000    938 0.0591    668 0.2895
1414 2    938 0.0000    938 0.0609    668 0.2793
1415 2    938 0.0000    938 0.0668    668 0.3349
1416 2    938 0.0000    938 0.0789    668 0.2758
1417 2    1690 0.0000    1690 0.0834    1644 0.2677
1418 2    938 0.0000    938 0.0508    668 0.2871
1419 2    938 0.0000    938 0.1116    668 0.2740
1420 2    476 0.0000    476 0.0873    702 0.3062
1421 2    218 0.0000    218 0.1079    668 0.2835
1422 2    476 0.0000    476 0.1065    668 0.3000
1423 2    938 0.0000    938 0.0968    668 0.2653
1424 2    938 0.0000    938 0.1102    668 0.2663
1425 2    218 0.0000    218 0.1081    541 0.2821
1426 2    938 0.0000    938 0.0535    668 0.2969
1427 2    696 0.0000    696 0.0988    1485 0.2781
1428 2    938 0.0000    938 0.0592    668 0.2754
1429 2    1690 0.0000    1690 0.1073    541 0.2664
1430 2    218 0.0000    218 0.1049    668 0.2769
1431 2    938 0.0000    938 0.0941    668 0.2717
1432 2    938 0.0000    938 0.0719    668 0.2530
1433 2    938 0.0000    938 0.0785    668 0.3051
1434 2    938 0.0000    938 0.0718    668 0.2845
1435 2    938 0.0000    938 0.0721    668 0.2909
1436 2    476 0.0000    476 0.0905    668 0.3086
1437 2    938 0.0000    938 0.1074    668 0.2721
1438 2    938 0.0000    938 0.0847    668 0.2923
1439 2    938 0.0000    938 0.0944    668 0.2626
1440 2    938 0.0000    938 0.0708    668 0.2719
1441 2    938 0.0000    938 0.0955    668 0.2841
1442 2    938 0.0000    938 0.0535    668 0.2860
1443 2    938 0.0000    938 0.0460    668 0.2959
1444 2    938 0.0000    938 0.0619    668 0.2808
1445 2    938 0.0000    938 0.0721    668 0.2761
1446 2    1690 0.0000    1690 0.0907    1485 0.2733
1447 2    938 0.0000    938 0.1023    668 0.2917
1448 2    938 0.0000    938 0.0957    668 0.2862
1449 2    938 0.0000    938 0.0692    668 0.2908
1450 2    218 0.0000    218 0.0991    668 0.2919
1451 2    218 0.0000    218 0.0923    541 0.2896
1452 2    938 0.0000    938 0.0543    668 0.3141
1453 2    938 0.0000    938 0.1003    668 0.3004
1454 2    938 0.0000    938 0.0923    668 0.2672
1455 2    938 0.0000    938 0.0916    668 0.3001
1456 2    938 0.0000    938 0.0856    205 0.3175
1457 2    938 0.0000    938 0.0806    668 0.2801
1458 2    938 0.0000    938 0.0898    205 0.3146
1459 2    938 0.0000    938 0.0989    668 0.2936
1460 2    1001 0.0000    1001 0.0988    668 0.3390
1461 2    476 0.0000    476 0.1050    702 0.3290
1462 2    476 0.0000    476 0.1102    702 0.3314
1463 2    1001 0.0000    1001 0.0995    668 0.3384
1464 2    938 0.0000    938 0.1280    668 0.2734
1465 2    938 0.0000    938 0.1169    668 0.3005
1466 2    1001 0.0000    1001 0.1187    668 0.3126
1467 2    938 0.0000    938 0.0925    668 0.2875
1468 2    938 0.0000    938 0.0921    668 0.3280
1469 2    938 0.0000    938 0.0976    668 0.2825
1470 2    938 0.0000    938 0.1243    668 0.2895
1471 2    938 0.0000    938 0.0960    668 0.2972
1472 2    1001 0.0000    1001 0.1192    668 0.3168
1473 2    1600 0.0000    1600 0.1048    668 0.3425
1474 2    1001 0.0000    1001 0.1079    668 0.3780
1475 2    476 0.0000    476 0.0915    668 0.3718
1476 2    476 0.0000    476 0.0886    668 0.3573
1477 2    476 0.0000    476 0.0733    668 0.3514
1478 2    476 0.0000    476 0.0877    668 0.3697
1479 2    476 0.0000    476 0.0850    668 0.3732
1480 2    476 0.0000    476 0.0977    668 0.3560
1481 2    1001 0.0000    1001 0.1019    668 0.3724
1482 2    938 0.0000    938 0.1123    668 0.3490
1483 2    1001 0.0000    1001 0.1273    668 0.3927
1484 2    1485 0.2188    1001 0.1700    668 0.3652
1485 2    1001 0.0000    1001 0.1245    668 0.3777
1486 2    1001 0.0000    1001 0.1060    205 0.3895
1487 2    1774 0.0000    1774 0.1137    205 0.3549
1488 2    938 0.0000    938 0.1118    668 0.3254
1489 2    476 0.0000    476 0.1037    668 0.3028
1490 2    476 0.0000    476 0.0744    668 0.3405
1491 2    476 0.0000    476 0.1134    668 0.3784
1492 2    544 0.0000    544 0.1158    668 0.3101
1493 2    476 0.0000    476 0.0904    668 0.3357
1494 2    476 0.0000    476 0.0789    668 0.3503
1495 2    476 0.0000    476 0.0870    668 0.3399
1496 2    476 0.0000    476 0.1082    668 0.3755
1497 2    476 0.0000    476 0.1062    668 0.3784
1498 2    476 0.0000    476 0.0828    668 0.3734
1499 2    476 0.0000    476 0.0780    668 0.3631
1500 2    1001 0.0000    1001 0.1055    205 0.3421
1501 2    1001 0.0000    1001 0.1234    668 0.3849
1502 2    938 0.0000    938 0.1096    668 0.3344
1503 2    938 0.0000    938 0.0974    668 0.3134
1504 2    476 0.0000    476 0.1127    668 0.3366
1505 2    1405 0.0000    1405 0.1000    1001 0.3314
1506 2    541 0.0000    541 0.1274    143 0.3483
1507 2    1600 0.0000    1600 0.0916    668 0.3242
1508 2    248 0.0000    248 0.1195    1485 0.2788
1509 2    205 0.0000    205 0.0857    1001 0.3602
1510 2    205 0.0000    205 0.1147    1485 0.3294
1511 2    1690 0.0000    1690 0.1212    1644 0.2600
1512 2    392 0.0000    392 0.1158    1485 0.3506
1513 2    696 0.0000    696 0.1023    1485 0.2758
1514 2    1690 0.0000    1690 0.1161    1485 0.3281
1515 2    205 0.0000    205 0.1142    1485 0.3388
1516 2    205 0.0000    205 0.0920    143 0.3554
1517 2    205 0.0000    205 0.0864    143 0.3593
1518 2    205 0.0000    205 0.1054    1485 0.3352
1519 2    205 0.0000    205 0.1014    143 0.3410
1520 2    205 0.0000    205 0.1343    143 0.3207
1521 2    205 0.0000    205 0.1138    1485 0.3405
1522 2    205 0.0000    205 0.1061    1485 0.3570
1523 2    205 0.0000    205 0.1153    143 0.3393
1524 2    205 0.0000    205 0.0920    143 0.3533
1525 2    1690 0.0000    1690 0.0893    1485 0.3095
1526 2    696 0.0000    696 0.1165    143 0.2793
1527 2    1690 0.0000    1690 0.0773    1485 0.3229
1528 2    1690 0.0000    1690 0.1182    1485 0.3471
1529 2    392 0.0000    392 0.1133    1485 0.3386
1530 2    696 0.0000    696 0.1223    143 0.2919
1531 2    1690 0.0000    1690 0.1120    143 0.2971
1532 2    1690 0.0000    1690 0.0972    143 0.2931
1533 2    1405 0.0000    1405 0.1215    143 0.3206
1534 2    1690 0.0000    1690 0.0975    1485 0.3175
1535 2    1690 0.0000    1690 0.0947    1485 0.2936
1536 2    1690 0.0000    1690 0.0982    1485 0.3202
1537 2    205 0.0000    205 0.0993    143 0.3489
1538 2    205 0.0000    205 0.1135    143 0.3294
1539 2    1690 0.0000    1690 0.0960    1644 0.2823
1540 2    1690 0.0000    1690 0.1071    1485 0.3354
1541 2    1690 0.0000    1690 0.0815    1485 0.2785
1542 2    392 0.0000    392 0.1074    1485 0.3725
1543 2    205 0.0000    205 0.1104    1485 0.3579
1544 2    205 0.0000    205 0.1100    1485 0.3334
1545 2    1690 0.0000    1690 0.1122    1485 0.3099
1546 2    392 0.0000    392 0.1124    1485 0.3244
1547 2    1690 0.0000    1690 0.0816    1485 0.2877
1548 2    1690 0.0000    1690 0.0967    1485 0.3234
1549 2    1690 0.0000    1690 0.0766    1485 0.3232
1550 2    205 0.0000    205 0.1188    143 0.3223
1551 2    392 0.0000    392 0.1076    1485 0.3313
1552 2    205 0.0000    205 0.1275    143 0.3302
1553 2    392 0.0000    392 0.1107    1485 0.3495
1554 2    1690 0.0000    1690 0.1146    1485 0.3207
1555 2    1383 0.0000    1383 0.1443    1485 0.3097
1556 2    205 0.0000    205 0.1245    1001 0.3441
1557 2    394 0.0000    394 0.1278    1485 0.2926
1558 2    218 0.0000    218 0.0775    702 0.2772
1559 2    218 0.0000    218 0.0378    541 0.3067
1560 2    1690 0.0000    1690 0.1207    1485 0.3120
1561 2    1690 0.0000    1690 0.0864    1485 0.2850
1562 2    205 0.0000    205 0.1172    1485 0.3257
1563 2    1690 0.0000    1690 0.0775    1485 0.2861
1564 2    1690 0.0000    1690 0.1195    1485 0.3197
1565 2    1690 0.0000    1690 0.1337    1485 0.3071
1566 2    1383 0.0000    1383 0.1209    1485 0.3278
1567 2    1383 0.0000    1383 0.1183    1485 0.3246
1568 2    1383 0.0000    1383 0.1085    1485 0.3359
1569 2    476 0.0000    476 0.1130    1644 0.3148
1570 2    476 0.0000    476 0.1092    702 0.3218
1571 2    476 0.0000    476 0.1139    1644 0.3246
1572 2    476 0.0000    476 0.0867    1644 0.3305
1573 2    476 0.0000    476 0.0981    1644 0.3247
1574 2    476 0.0000    476 0.1210    702 0.3255
1575 2    938 0.0000    938 0.1161    1644 0.2989
1576 2    476 0.0000    476 0.1034    1644 0.3308
1577 2    938 0.0000    938 0.1146    1644 0.3108
1578 2    476 0.0000    476 0.0959    1644 0.3215
1579 2    476 0.0000    476 0.0979    1644 0.3337
1580 2    544 0.0000    544 0.1048    668 0.3093
1581 2    476 0.0000    476 0.0685    668 0.3574
1582 2    476 0.0000    476 0.1093    205 0.3378
1583 2    476 0.0000    476 0.1212    668 0.3445
1584 2    476 0.0000    476 0.0664    668 0.3603
1585 2    938 0.0000    938 0.1120    668 0.3552
1586 2    476 0.0000    476 0.0917    668 0.3963
1587 2    476 0.0000    476 0.0938    668 0.3826
1588 2    476 0.0000    476 0.0853    668 0.3825
1589 2    476 0.0000    476 0.1055    668 0.3710
1590 2    1774 0.0000    1774 0.1046    205 0.3421
1591 2    476 0.0000    476 0.1041    668 0.3576
1592 2    476 0.0000    476 0.0600    668 0.3590
1593 2    476 0.0000    476 0.0807    668 0.3456
1594 2    938 0.0000    938 0.1051    668 0.3459
1595 2    476 0.0000    476 0.0981    668 0.3280
1596 2    544 0.0000    544 0.1166    668 0.3294
1597 2    476 0.0000    476 0.0722    668 0.3601
1598 2    541 0.0000    541 0.1225    476 0.3023
1599 2    1600 0.2208    143 0.1552    668 0.3329
1600 2    1600 0.0000    1600 0.0679    205 0.3184
1601 2    544 0.0000    544 0.0989    1644 0.2963
1602 2    1405 0.0000    1405 0.0859    143 0.3229
1603 2    1405 0.0000    1405 0.1193    1485 0.3433
1604 2    1405 0.0000    1405 0.0985    1485 0.3558
1605 2    1221 0.0000    1221 0.1214    1485 0.2957
1606 2    1221 0.0000    1221 0.1164    1485 0.3576
1607 2    1221 0.0000    1221 0.1149    1485 0.3624
1608 2    1405 0.0000    1405 0.0852    143 0.3040
1609 2    1600 0.0000    1600 0.1321    1644 0.2745
1610 2    1600 0.0000    1600 0.0945    205 0.3004
1611 2    1600 0.0000    1600 0.1035    205 0.3374
1612 2    938 0.0000    938 0.1111    668 0.3411
1613 2    938 0.0000    938 0.0420    668 0.3061
1614 2    938 0.0000    938 0.0773    668 0.2624
1615 2    938 0.0000    938 0.0629    668 0.3203
1616 2    938 0.0000    938 0.0899    668 0.3187
1617 2    938 0.0000    938 0.1017    668 0.3031
1618 2    938 0.0000    938 0.1001    668 0.3192
1619 2    476 0.0000    476 0.0819    668 0.3179
1620 2    476 0.0000    476 0.1137    668 0.2966
1621 2    476 0.0000    476 0.0879    668 0.3102
1622 2    476 0.0000    476 0.0997    668 0.3648
1623 2    1001 0.0000    1001 0.0880    668 0.3747
1624 2    476 0.0000    476 0.0808    668 0.3251
1625 2    476 0.0000    476 0.0889    668 0.3072
1626 2    476 0.0000    476 0.0877    668 0.3096
1627 2    476 0.0000    476 0.0885    668 0.3083
1628 2    476 0.0000    476 0.0791    668 0.3200
1629 2    476 0.0000    476 0.0857    702 0.3278
1630 2    476 0.0000    476 0.0787    668 0.3161
1631 2    476 0.0000    476 0.0622    668 0.3445
1632 2    476 0.0000    476 0.0815    668 0.3131
1633 2    218 0.0000    218 0.1185    702 0.3132
1634 2    394 0.0000    394 0.1222    1485 0.2954
1635 2    394 0.0000    394 0.1069    1405 0.2772
1636 2    1690 0.0000    1690 0.1298    1485 0.3020
1637 2    394 0.0000    394 0.1196    1485 0.2948
1638 2    394 0.0000    394 0.1141    1485 0.2833
1639 2    394 0.0000    394 0.1142    1485 0.3056
1640 2    1774 0.0000    1774 0.1385    392 0.2864
1641 2    1600 0.0000    1600 0.1072    205 0.3216
1642 2    1600 0.0000    1600 0.1082    668 0.3735
1643 2    1644 0.1788    394 0.1508    476 0.3319
1644 2    1221 0.0000    1221 0.1006    1485 0.3464
1645 2    1405 0.0000    1405 0.1049    1485 0.3207
1646 2    205 0.0000    205 0.1271    1485 0.3809
1647 2    205 0.0000    205 0.1141    1485 0.3802
1648 2    541 0.0000    541 0.1126    1001 0.3540
1649 2    544 0.0000    544 0.0924    1644 0.2622
1650 2    541 0.0000    541 0.1121    1001 0.2871
1651 2    544 0.0000    544 0.0792    1001 0.2832
1652 2    1405 0.0000    1405 0.1052    143 0.2964
1653 2    1600 0.0000    1600 0.1024    668 0.3103
1654 2    544 0.0000    544 0.1222    668 0.2792
1655 2    476 0.0000    476 0.0983    668 0.3278
1656 2    544 0.0000    544 0.1070    668 0.2628
1657 2    544 0.0000    544 0.1092    1485 0.2637
1658 2    205 0.0000    205 0.1103    1001 0.3464
1659 2    1383 0.0000    1383 0.1151    1485 0.3455
1660 2    205 0.0000    205 0.1175    143 0.3440
1661 2    205 0.0000    205 0.1138    143 0.3447
1662 2    205 0.0000    205 0.0942    143 0.3776
1663 2    205 0.0000    205 0.0971    143 0.3712
1664 2    1690 0.0000    1690 0.1032    1485 0.3272
1665 2    205 0.0000    205 0.0866    1485 0.3606
1666 2    1690 0.0000    1690 0.0979    1485 0.3127
1667 2    1690 0.0000    1690 0.1043    1485 0.3123
1668 2    1690 0.0000    1690 0.0901    1485 0.2814
1669 2    1690 0.0000    1690 0.1148    143 0.3011
1670 2    696 0.0000    696 0.1214    143 0.2764
1671 2    205 0.0000    205 0.1197    1485 0.3323
1672 2    205 0.0000    205 0.1190    143 0.3163
1673 2    1383 0.0000    1383 0.1261    1001 0.3202
1674 2    205 0.0000    205 0.1132    143 0.3599
1675 2    1690 0.0000    1690 0.1357    143 0.3103
1676 2    205 0.0000    205 0.1207    143 0.3305
1677 2    205 0.0000    205 0.1217    1001 0.3389
1678 2    392 0.0000    392 0.0977    1485 0.3426
1679 2    205 0.0000    205 0.1089    143 0.3796
1680 2    205 0.0000    205 0.1152    1001 0.3357
1681 2    205 0.0000    205 0.1197    143 0.3268
1682 2    1690 0.0000    1690 0.0997    1485 0.3048
1683 2    205 0.0000    205 0.1407    143 0.3234
1684 2    1690 0.0000    1690 0.1204    143 0.2889
1685 2    1690 0.0000    1690 0.0776    1485 0.2857
1686 2    1690 0.0000    1690 0.1079    1485 0.3084
1687 2    1690 0.0000    1690 0.1092    1485 0.3371
1688 2    205 0.0000    205 0.0987    1485 0.3513
1689 2    1690 0.1617    1221 0.1501    1485 0.2981
1690 2    1690 0.0000    1690 0.0594    1485 0.3257
1691 2    1690 0.0000    1690 0.1010    1644 0.2930
1692 2    938 0.0000    938 0.1062    668 0.3225
1693 2    938 0.0000    938 0.1207    668 0.3246
1694 2    1690 0.0000    1690 0.0816    1485 0.2920
1695 2    1690 0.0000    1690 0.1061    1485 0.2657
1696 2    1690 0.0000    1690 0.0930    1485 0.3030
1697 2    1690 0.0000    1690 0.0740    1485 0.3008
1698 2    1405 0.0000    1405 0.1025    1485 0.2924
1699 2    696 0.0000    696 0.1255    668 0.2435
1700 2    696 0.0000    696 0.1077    1485 0.2405
1701 2    1774 0.0000    1774 0.1091    668 0.2867
1702 2    696 0.0000    696 0.1175    476 0.3055
1703 2    1405 0.0000    1405 0.0951    1001 0.3468
1704 2    696 0.0000    696 0.1066    1485 0.2518
1705 2    696 0.0000    696 0.1188    1485 0.2969
1706 2    702 0.0000    702 0.1123    476 0.3206
1707 2    696 0.0000    696 0.1088    476 0.2793
1708 2    696 0.0000    696 0.1143    668 0.2817
1709 2    938 0.0000    938 0.1191    205 0.3227
1710 2    392 0.0000    392 0.1062    1485 0.3408
1711 2    696 0.0000    696 0.1110    1001 0.3027
1712 2    938 0.0000    938 0.0854    205 0.3284
1713 2    696 0.0000    696 0.1243    668 0.2814
1714 2    938 0.0000    938 0.1109    205 0.3179
1715 2    696 0.0000    696 0.1095    205 0.2683
1716 2    938 0.0000    938 0.0929    205 0.2839
1717 2    938 0.0000    938 0.1011    205 0.2880
1718 2    696 0.0000    696 0.0967    1001 0.2648
1719 2    143 0.0000    143 0.1015    205 0.3340
1720 2    938 0.0000    938 0.0974    205 0.3048
1721 2    143 0.0000    143 0.1079    205 0.3371
1722 2    938 0.0000    938 0.1034    668 0.2705
1723 2    938 0.0000    938 0.0935    205 0.3328
1724 2    143 0.0000    143 0.0950    205 0.3517
1725 2    938 0.0000    938 0.1010    205 0.3375
1726 2    938 0.0000    938 0.1069    205 0.2950
1727 2    143 0.0000    143 0.1093    205 0.3525
1728 2    938 0.0000    938 0.0887    205 0.3259
1729 2    696 0.0000    696 0.0919    668 0.2565
1730 2    696 0.0000    696 0.1129    1001 0.3167
1731 2    702 0.0000    702 0.1033    1001 0.4036
1732 2    702 0.0000    702 0.0950    1001 0.3841
1733 2    702 0.0000    702 0.1043    1485 0.3352
1734 2    392 0.0000    392 0.1150    1485 0.3476
1735 2    702 0.0000    702 0.0953    1001 0.3736
1736 2    394 0.0000    394 0.1153    476 0.2947
1737 2    668 0.0000    668 0.1308    1485 0.3723
1738 2    702 0.0000    702 0.0930    476 0.3814
1739 2    668 0.0000    668 0.1031    476 0.3725
1740 2    702 0.0000    702 0.0686    1001 0.3492
1741 2    1644 0.0000    1644 0.1161    476 0.3169
1742 2    702 0.0000    702 0.1272    476 0.3249
1743 2    696 0.0000    696 0.1251    476 0.2477
1744 2    702 0.0000    702 0.1101    476 0.3289
1745 2    1644 0.0000    1644 0.1316    476 0.3321
1746 2    696 0.0000    696 0.1267    476 0.2550
1747 2    702 0.0000    702 0.1055    476 0.3121
1748 2    696 0.0000    696 0.1446    476 0.2986
1749 2    1644 0.0000    1644 0.1256    476 0.3086
1750 2    1644 0.0000    1644 0.1303    476 0.3222
1751 2    1774 0.0000    1774 0.0918    205 0.2882
1752 2    696 0.0000    696 0.1130    476 0.2960
1753 2    1774 0.0000    1774 0.1232    205 0.2724
1754 2    1383 0.0000    1383 0.1065    1485 0.3235
1755 2    392 0.0000    392 0.1142    1485 0.3813
1756 2    696 0.0000    696 0.1039    1485 0.2957
1757 2    392 0.0000    392 0.1219    1485 0.3846
1758 2    1690 0.0000    1690 0.1011    1485 0.2902
1759 2    1690 0.0000    1690 0.1073    143 0.2703
1760 2    1690 0.0000    1690 0.0948    1485 0.2548
1761 2    205 0.0000    205 0.0962    143 0.3397
1762 2    544 0.0000    544 0.1174    1644 0.3081
1763 2    938 0.0000    938 0.1290    1644 0.2927
1764 2    1774 0.0000    1774 0.0874    205 0.2990
1765 2    1221 0.0000    1221 0.1364    476 0.2765
1766 2    1774 0.0000    1774 0.0981    476 0.2727
1767 2    1644 0.0000    1644 0.0932    476 0.3095
1768 2    1774 0.0000    1774 0.0791    476 0.2849
1769 2    1644 0.0000    1644 0.1252    476 0.3111
1770 2    1774 0.0000    1774 0.0731    668 0.2798
1771 2    1774 0.0000    1774 0.1090    476 0.2564
1772 2    1405 0.0000    1405 0.1298    1485 0.2667
1773 2    1774 0.1682    596 0.1507    668 0.2760
1774 2    1774 0.0000    1774 0.1035    205 0.3248
1775 2    1774 0.0000    1774 0.1263    668 0.2376
1776 2    544 0.0000    544 0.1004    1644 0.2536
1777 2    544 0.0000    544 0.1185    1485 0.2655
1778 2    1405 0.0000    1405 0.1304    1485 0.3003
1779 2    1644 0.0000    1644 0.1290    476 0.3335
1780 2    1405 0.0000    1405 0.1386    476 0.3130
1781 2    205 0.0000    205 0.1074    143 0.3687
1782 2    541 0.0000    541 0.1152    1001 0.3328
1783 2    1405 0.0000    1405 0.0941    1485 0.2953
1784 2    1221 0.0000    1221 0.1188    476 0.2768
1785 2    1644 0.0000    1644 0.0941    1001 0.3412
1786 2    205 0.0000    205 0.1143    143 0.3521
1787 2    394 0.0000    394 0.1030    1485 0.3188
1788 2    938 0.0000    938 0.0778    668 0.2920
1789 2    938 0.0000    938 0.1038    668 0.2825
1790 2    938 0.0000    938 0.0470    668 0.2838
1791 2    938 0.0000    938 0.0532    668 0.2945
1792 2    938 0.0000    938 0.1039    668 0.2730
1793 2    938 0.0000    938 0.1018    668 0.2815
1794 2    544 0.0000    544 0.1145    668 0.2642
1795 2    1690 0.0000    1690 0.0831    1485 0.2919
1796 2    1690 0.0000    1690 0.1119    1485 0.3165
1797 2    1690 0.0000    1690 0.0806    1485 0.2778
1798 2    544 0.0000    544 0.1077    143 0.2732
1799 2    218 0.0000    218 0.1084    702 0.3405
1800 2    218 0.0000    218 0.1030    702 0.3532
1801 2    476 0.0000    476 0.1180    702 0.3644
1802 2    218 0.0000    218 0.1219    702 0.3739
1803 2    143 0.0000    143 0.1159    205 0.3707
1804 2    218 0.0000    218 0.1019    702 0.3390
1805 2    218 0.0000    218 0.1112    702 0.3607
1806 2    218 0.0000    218 0.1133    702 0.3524
1807 2    218 0.0000    218 0.1143    702 0.3622
1808 2    218 0.0000    218 0.1007    702 0.3408
1809 2    218 0.0000    218 0.1000    702 0.3463
1810 2    218 0.0000    218 0.0948    702 0.3328
1811 2    218 0.0000    218 0.1058    702 0.3588
1812 2    218 0.0000    218 0.0987    702 0.3436
1813 2    218 0.0000    218 0.0999    702 0.3338
1814 2    218 0.0000    218 0.1022    702 0.3350
1815 2    218 0.0000    218 0.1159    702 0.3619
1816 2    218 0.0000    218 0.1045    702 0.3651
1817 2    218 0.0000    218 0.1014    702 0.3347
1818 2    1690 0.0000    1690 0.1035    702 0.2814
1819 2    218 0.0000    218 0.1050    702 0.3596
1820 2    218 0.0000    218 0.1315    702 0.3711
1821 2    218 0.0000    218 0.1142    702 0.3540
1822 2    218 0.0000    218 0.1108    702 0.3469
1823 2    218 0.0000    218 0.1079    702 0.3464
1824 2    218 0.0000    218 0.1160    702 0.3558
1825 2    218 0.0000    218 0.1082    702 0.3473
1826 2    218 0.0000    218 0.1166    702 0.3490
1827 2    218 0.0000    218 0.1108    702 0.3535
1828 2    218 0.0000    218 0.1197    702 0.3747
1829 2    218 0.0000    218 0.0975    702 0.3396
1830 2    218 0.0000    218 0.1078    702 0.3459
1831 2    218 0.0000    218 0.1176    702 0.3601
1832 2    394 0.0000    394 0.1152    1485 0.3142
1833 2    218 0.0000    218 0.1212    1485 0.3100
1834 2    218 0.0000    218 0.1257    1485 0.3111
1835 2    1690 0.0000    1690 0.0953    1485 0.3053
1836 2    218 0.0000    218 0.1111    702 0.3515
1837 2    218 0.0000    218 0.1061    702 0.3727
1838 2    476 0.0000    476 0.1265    702 0.4052
1839 2    476 0.0000    476 0.0982    702 0.3848
1840 2    1001 0.0000    1001 0.0934    702 0.3919
1841 2    476 0.0000    476 0.1375    702 0.4069
1842 2    218 0.0000    218 0.1047    541 0.3344
1843 2    218 0.0000    218 0.1175    702 0.3812
1844 2    218 0.0000    218 0.1091    702 0.3731
1845 2    218 0.0000    218 0.1089    702 0.3722
1846 2    218 0.0000    218 0.0966    702 0.3434
1847 2    218 0.0000    218 0.0831    541 0.3461
1848 2    218 0.0000    218 0.0880    541 0.3393
1849 2    218 0.0000    218 0.0990    702 0.3653
1850 2    218 0.0000    218 0.1158    702 0.3758
1851 2    218 0.0000    218 0.1213    702 0.3734
1852 2    218 0.0000    218 0.1153    702 0.3704
1853 2    218 0.0000    218 0.0960    702 0.3634
1854 2    1690 0.0000    1690 0.1158    1485 0.3049
1855 2    218 0.0000    218 0.1110    1485 0.3082
1856 2    1690 0.0000    1690 0.1320    1485 0.3205
1857 2    218 0.0000    218 0.1243    1485 0.3174
1858 2    218 0.0000    218 0.1090    702 0.3573
1859 2    218 0.0000    218 0.1132    702 0.3579
1860 2    218 0.0000    218 0.1016    702 0.3534
1861 2    218 0.0000    218 0.1037    702 0.3468
1862 2    218 0.0000    218 0.1177    702 0.3029
1863 2    218 0.0000    218 0.1199    702 0.3429
1864 2    218 0.0000    218 0.1034    702 0.3493
1865 2    476 0.0000    476 0.1225    702 0.3787
1866 2    218 0.0000    218 0.0962    702 0.3389
1867 2    218 0.0000    218 0.0916    702 0.2919
1868 2    218 0.0000    218 0.1135    702 0.3523
1869 2    218 0.0000    218 0.1251    702 0.3710
1870 2    218 0.0000    218 0.0939    702 0.3310
1871 2    218 0.0000    218 0.1189    702 0.3614
1872 2    218 0.0000    218 0.1203    702 0.3651
1873 2    218 0.0000    218 0.1196    702 0.3548
1874 2    476 0.0000    476 0.1232    702 0.3670
1875 2    218 0.0000    218 0.1006    702 0.3298
1876 2    218 0.0000    218 0.1136    702 0.3419
1877 2    218 0.0000    218 0.1117    702 0.3501
1878 2    476 0.0000    476 0.1307    702 0.3908
1879 2    476 0.0000    476 0.1372    702 0.3904
1880 2    218 0.0000    218 0.1188    702 0.3709
1881 2    218 0.0000    218 0.1003    702 0.3545
1882 2    218 0.0000    218 0.1078    702 0.3203
1883 2    218 0.0000    218 0.1128    702 0.3596
1884 2    476 0.0000    476 0.1164    702 0.3713
1885 2    218 0.0000    218 0.1058    702 0.3467
1886 2    218 0.0000    218 0.0922    702 0.3394
1887 2    218 0.0000    218 0.1057    702 0.3517
1888 2    218 0.0000    218 0.1099    702 0.3523
1889 2    476 0.0000    476 0.1207    668 0.3645
1890 2    218 0.0000    218 0.1037    702 0.3479
1891 2    476 0.0000    476 0.1105    702 0.3824
1892 2    218 0.0000    218 0.1156    702 0.3566
1893 2    218 0.0000    218 0.1125    702 0.3491
1894 2    218 0.0000    218 0.1178    702 0.3491
1895 2    218 0.0000    218 0.0906    702 0.3257
1896 2    218 0.0000    218 0.1181    702 0.3767
1897 2    476 0.0000    476 0.1341    702 0.3902
1898 2    218 0.0000    218 0.1241    702 0.3796
1899 2    218 0.0000    218 0.1024    702 0.3440
1900 2    218 0.0000    218 0.1089    702 0.3483
1901 2    1690 0.0000    1690 0.0979    702 0.2800
1902 2    218 0.0000    218 0.1233    702 0.3680
1903 2    218 0.0000    218 0.1026    702 0.3457
1904 2    218 0.0000    218 0.1188    702 0.3711
1905 2    218 0.0000    218 0.0851    702 0.3203
1906 2    218 0.0000    218 0.1244    702 0.3734
1907 2    218 0.0000    218 0.1210    702 0.3740
1908 2    218 0.0000    218 0.1177    702 0.3541
1909 2    218 0.0000    218 0.1100    702 0.3545
1910 2    218 0.0000    218 0.1087    702 0.3511
1911 2    218 0.0000    218 0.1088    702 0.3422
1912 2    218 0.0000    218 0.1033    702 0.3437
1913 2    218 0.0000    218 0.1079    702 0.3597
1914 2    218 0.0000    218 0.1201    702 0.3707
1915 2    476 0.0000    476 0.1191    702 0.3763
1916 2    218 0.0000    218 0.1053    702 0.3467
1917 2    218 0.0000    218 0.1190    702 0.3665
1918 2    218 0.0000    218 0.1115    702 0.3566
1919 2    218 0.0000    218 0.1225    702 0.3455
1920 2    218 0.0000    218 0.1054    702 0.3427
1921 2    218 0.0000    218 0.1073    702 0.3461
1922 2    218 0.0000    218 0.0957    702 0.3304
1923 2    218 0.0000    218 0.1045    702 0.3474
1924 2    218 0.0000    218 0.1136    702 0.3617
1925 2    218 0.0000    218 0.1034    702 0.3463
1926 2    218 0.0000    218 0.1036    702 0.3625
1927 2    1690 0.0000    1690 0.0959    1485 0.2699
1928 2    1383 0.0000    1383 0.1203    1485 0.3420
1929 2    205 0.0000    205 0.1047    1001 0.3560
1930 2    1774 0.0000    1774 0.0799    205 0.3135
1931 2    1774 0.0000    1774 0.1295    476 0.2785
1932 2    1774 0.0000    1774 0.1149    668 0.2459
1933 2    1774 0.0000    1774 0.0866    668 0.2912
1934 2    1774 0.0000    1774 0.1047    476 0.2829
1935 2    205 0.0000    205 0.1154    1001 0.3472
1936 2    205 0.0000    205 0.0935    476 0.3583
1937 2    702 0.0000    702 0.1201    1485 0.3605
1938 2    702 0.0000    702 0.1101    1485 0.3471
1939 2    1774 0.0000    1774 0.1011    205 0.2649
1940 2    1774 0.0000    1774 0.0928    205 0.3173
1941 2    1774 0.0000    1774 0.1108    205 0.3081
1942 2    1600 0.0000    1600 0.1176    205 0.3099
1943 2    1774 0.0000    1774 0.1096    205 0.2933
1944 2    696 0.0000    696 0.1155    205 0.2820
1945 2    143 0.0000    143 0.0788    205 0.3643
1946 2    696 0.0000    696 0.0750    1485 0.2789
1947 2    938 0.0000    938 0.0907    205 0.3124
1948 2    696 0.0000    696 0.1159    205 0.2713
1949 2    696 0.0000    696 0.1014    1485 0.2957
1950 2    392 0.0000    392 0.1223    1001 0.3145
1951 2    394 0.0000    394 0.0998    1485 0.3126
1952 2    394 0.0000    394 0.0823    1485 0.2736
1953 2    394 0.0000    394 0.0897    1485 0.2810
1954 2    394 0.0000    394 0.0820    1485 0.2677
1955 2    596 0.0000    596 0.0874    205 0.3495
1956 2    143 0.0000    143 0.1020    205 0.3818
1957 2    596 0.0000    596 0.0668    205 0.3410
1958 2    596 0.0000    596 0.0917    205 0.3225
1959 2    596 0.0000    596 0.0717    541 0.2979
1960 2    596 0.0000    596 0.0690    205 0.2920
1961 2    394 0.0000    394 0.0972    1485 0.2955
1962 2    596 0.0000    596 0.1115    1485 0.3051
1963 2    596 0.0000    596 0.0686    541 0.2911
1964 2    596 0.0000    596 0.0896    205 0.3061
1965 2    596 0.0000    596 0.0693    541 0.3029
1966 2    596 0.0000    596 0.1092    1485 0.2927
1967 2    596 0.0000    596 0.1094    205 0.2865
1968 2    394 0.0000    394 0.1167    1485 0.2813
1969 2    596 0.0000    596 0.1203    1485 0.2896
1970 2    596 0.0000    596 0.1044    541 0.3001
1971 2    596 0.0000    596 0.1105    1485 0.2781
1972 2    394 0.0000    394 0.0931    1485 0.2898
1973 2    394 0.0000    394 0.0846    1485 0.3103
1974 2    394 0.0000    394 0.0887    1485 0.2993
1975 2    394 0.0000    394 0.1001    1485 0.2922
1976 2    596 0.0000    596 0.1045    541 0.2895
1977 2    394 0.0000    394 0.0974    1485 0.2824
1978 2    394 0.0000    394 0.1029    1485 0.2841
1979 2    394 0.0000    394 0.0840    1485 0.2998
1980 2    394 0.0000    394 0.0960    1485 0.2840
1981 2    394 0.0000    394 0.1054    1485 0.3196
1982 2    394 0.0000    394 0.1022    1485 0.2983
1983 2    394 0.0000    394 0.1168    1485 0.2664
1984 2    394 0.0000    394 0.0796    1485 0.2851
1985 2    394 0.0000    394 0.1123    1485 0.3096
1986 2    394 0.0000    394 0.0939    1485 0.2872
1987 2    143 0.0000    143 0.1115    205 0.2931
1988 2    143 0.0000    143 0.1292    205 0.2873
1989 2    394 0.0000    394 0.0856    1485 0.2807
1990 2    394 0.0000    394 0.1094    541 0.2857
1991 2    394 0.0000    394 0.0983    1485 0.3044
1992 2    596 0.0000    596 0.0911    205 0.3085
1993 2    596 0.0000    596 0.0944    205 0.2987
1994 2    394 0.0000    394 0.1017    205 0.3027
1995 2    394 0.0000    394 0.1000    205 0.2989
1996 2    596 0.0000    596 0.0953    541 0.2908
1997 2    596 0.0000    596 0.0874    205 0.3305
1998 2    596 0.0000    596 0.0966    205 0.3545
1999 2    596 0.0000    596 0.0946    205 0.3244
