# # This File stores the ClusterProfile/Centers using >>ClosestCenters<< of the given TrajNameList
# # elapsed time: 117.11 seconds
# # Threshold = 0.1
# # TrajNameList = ['Met_Amber1_stripped', 'Met_Amber2_stripped']
# # TrjLenList = [1000, 1000]
# # updated TrjLenList = [1000, 1000]
# # TimeStep = 1
# # StartFrame = 0
# # EndingFrame = 1000
# # ReferencePDB = Trajectories/Met_Amber2_stripped.pdb
# # *******
# # GLOBAL PROFILE: Radius = 0.1
# # *******
# TrajNr | Radius | Nr of Clusters | Centers
0 0.1 164   1001 519 1071 1292 436 1623 448 934 1580 1289 1471 1223 1761 1696 875 1059 1760 1138 1555 214 957 1660 339 1237 816 367 684 1371 782 1755 122 1735 650 711 32 1704 97 1741 801 1247 1210 756 790 701 406 52 616 166 1786 1387 155 1975 736 377 690 637 1543 1109 1607 535 403 1270 1221 1645 168 1372 686 45 1758 730 1739 692 1398 794 327 1 178 328 881 1361 556 1211 1357 430 1392 93 728 677 85 83 683 185 3 136 662 310 860 1713 706 1715 363 282 234 1843 162 365 1064 209 1013 1151 1634 1035 1179 276 225 1612 1600 1642 1934 1334 1293 877 1295 546 869 1613 531 1641 1269 1485 526 259 1769 1751 1750 1390 715 1955 610 597 829 264 681 113 179 248 1509 1777 1652 1603 1266 1700 1730 2 595 815 674 211 1407 1606 1215 1220 263 862 
