# This File stores the ClusterProfile/Centers using >>ClosestCenters<< of the given TrajNameList
# elapsed time: 145.91 seconds
# ThresholdList = [0.1, 0.15]
# TrajNameList = ['Met_Amber1_stripped', 'Met_Amber2_stripped']
# TrjLenList = [1000, 1000]
# updated TrjLenList = [1000, 1000]
# TimeStep = 1
# StartFrame = 0
# EndingFrame = 1000
# *******
# TrajNr | Threshold | Nr of Clusters | Centers
1 0.1 144   1 2 3 32 45 52 83 85 93 97 113 122 136 155 162 166 168 178 179 185 209 211 214 225 234 248 259 263 264 276 282 310 327 328 339 363 365 367 377 403 406 430 436 448 519 526 531 535 546 556 595 597 610 616 637 650 662 674 677 681 683 684 686 690 692 701 706 711 715 728 730 736 756 782 790 794 801 815 816 829 860 862 869 875 877 881 934 957 1001 1035 1064 1071 1109 1151 1210 1211 1215 1220 1223 1237 1247 1266 1270 1293 1334 1357 1361 1371 1372 1387 1390 1398 1471 1509 1555 1580 1603 1607 1612 1613 1623 1634 1642 1652 1660 1700 1704 1713 1715 1730 1735 1739 1741 1750 1751 1755 1758 1761 1769 1786 1843 1934 1955 1975
2 0.1 131   2 3 32 93 97 113 122 136 162 168 179 185 209 211 214 225 234 282 310 327 328 339 363 365 367 403 430 436 448 519 526 531 535 546 556 616 662 677 681 684 686 701 711 730 756 790 794 801 860 862 869 875 881 934 957 1001 1013 1035 1059 1064 1071 1109 1138 1151 1179 1210 1211 1215 1220 1221 1223 1237 1247 1266 1269 1270 1289 1292 1293 1295 1334 1357 1361 1371 1372 1387 1390 1392 1398 1407 1471 1485 1509 1543 1555 1580 1600 1603 1606 1607 1612 1613 1623 1634 1641 1642 1645 1652 1660 1696 1700 1704 1713 1715 1730 1735 1739 1741 1750 1751 1755 1758 1760 1761 1769 1777 1786 1843 1934 1955 1975
1 0.15 23   143 205 218 248 392 394 476 541 544 596 668 696 702 938 1001 1221 1383 1405 1485 1600 1644 1690 1774
2 0.15 23   143 205 218 248 392 394 476 541 544 596 668 696 702 938 1001 1221 1383 1405 1485 1600 1644 1690 1774
